1,-1,879,180,244,593,1,-1,-1,-1
1,-1,5,7,329,1056,1,-1,-1,-1
2,-1,6,0,326,1065,1,-1,-1,-1
3,-1,881,192,234,593,1,-1,-1,-1
3,-1,6,0,317,1068,1,-1,-1,-1
4,-1,879,186,233,602,1,-1,-1,-1
5,-1,884,184,231,604,1,-1,-1,-1
6,-1,880,179,235,608,1,-1,-1,-1
6,-1,403,276,110,315,1,-1,-1,-1
6,-1,747,324,40,113,1,-1,-1,-1
6,-1,849,287,47,170,1,-1,-1,-1
7,-1,745,325,39,110,1,-1,-1,-1
7,-1,870,182,237,598,1,-1,-1,-1
7,-1,393,277,112,316,1,-1,-1,-1
8,-1,391,273,127,321,1,-1,-1,-1
8,-1,878,186,220,591,1,-1,-1,-1
9,-1,879,174,224,608,1,-1,-1,-1
9,-1,749,330,37,105,1,-1,-1,-1
10,-1,748,330,36,107,1,-1,-1,-1
11,-1,758,329,34,106,1,-1,-1,-1
12,-1,879,172,213,622,1,-1,-1,-1
14,-1,870,171,228,617,1,-1,-1,-1
15,-1,758,334,31,97,1,-1,-1,-1
15,-1,852,295,37,161,1,-1,-1,-1
16,-1,764,334,31,97,1,-1,-1,-1
17,-1,848,307,35,146,1,-1,-1,-1
17,-1,771,335,31,94,1,-1,-1,-1
17,-1,322,302,118,342,1,-1,-1,-1
18,-1,321,303,123,337,1,-1,-1,-1
19,-1,318,306,130,340,1,-1,-1,-1
20,-1,314,308,129,343,1,-1,-1,-1
21,-1,872,187,230,620,1,-1,-1,-1
22,-1,495,289,144,365,1,-1,-1,-1
22,-1,875,202,237,615,1,-1,-1,-1
22,-1,343,297,173,363,1,-1,-1,-1
23,-1,506,293,133,361,1,-1,-1,-1
23,-1,876,208,243,610,1,-1,-1,-1
23,-1,362,302,154,365,1,-1,-1,-1
24,-1,360,305,158,364,1,-1,-1,-1
24,-1,779,371,38,114,1,-1,-1,-1
24,-1,508,297,139,359,1,-1,-1,-1
24,-1,851,365,37,119,1,-1,-1,-1
24,-1,888,203,229,627,1,-1,-1,-1
25,-1,891,195,242,646,1,-1,-1,-1
25,-1,378,314,150,367,1,-1,-1,-1
25,-1,508,299,141,385,1,-1,-1,-1
26,-1,477,299,165,396,1,-1,-1,-1
26,-1,392,311,153,386,1,-1,-1,-1
26,-1,904,200,212,638,1,-1,-1,-1
27,-1,403,310,151,383,1,-1,-1,-1
27,-1,911,195,217,641,1,-1,-1,-1
27,-1,1105,294,117,389,1,-1,-1,-1
28,-1,408,315,148,396,1,-1,-1,-1
28,-1,894,195,242,655,1,-1,-1,-1
28,-1,565,310,141,376,1,-1,-1,-1
28,-1,1104,289,114,408,1,-1,-1,-1
29,-1,1104,294,120,398,1,-1,-1,-1
29,-1,568,312,141,376,1,-1,-1,-1
29,-1,406,338,139,370,1,-1,-1,-1
29,-1,902,211,231,628,1,-1,-1,-1
30,-1,1107,296,124,411,1,-1,-1,-1
30,-1,906,241,241,619,1,-1,-1,-1
30,-1,568,318,149,382,1,-1,-1,-1
30,-1,403,355,142,355,1,-1,-1,-1
31,-1,1112,301,123,407,1,-1,-1,-1
31,-1,403,344,151,383,1,-1,-1,-1
31,-1,915,235,224,641,1,-1,-1,-1
31,-1,573,319,147,384,1,-1,-1,-1
32,-1,1121,307,127,395,1,-1,-1,-1
32,-1,401,350,149,391,1,-1,-1,-1
32,-1,865,407,44,136,1,-1,-1,-1
32,-1,580,317,142,396,1,-1,-1,-1
33,-1,406,360,149,384,1,-1,-1,-1
33,-1,1116,308,151,405,1,-1,-1,-1
34,-1,407,357,149,391,1,-1,-1,-1
34,-1,940,242,196,639,1,-1,-1,-1
34,-1,1117,312,153,419,1,-1,-1,-1
35,-1,405,355,149,406,1,-1,-1,-1
35,-1,949,247,195,644,1,-1,-1,-1
35,-1,1126,314,151,421,1,-1,-1,-1
36,-1,403,356,146,419,1,-1,-1,-1
36,-1,962,255,182,643,1,-1,-1,-1
36,-1,856,427,43,125,1,-1,-1,-1
37,-1,401,369,150,416,1,-1,-1,-1
37,-1,960,268,190,642,1,-1,-1,-1
37,-1,592,337,145,416,1,-1,-1,-1
37,-1,1145,348,127,390,1,-1,-1,-1
38,-1,944,271,208,675,1,-1,-1,-1
38,-1,393,376,146,415,1,-1,-1,-1
38,-1,599,349,137,405,1,-1,-1,-1
39,-1,949,273,202,650,1,-1,-1,-1
39,-1,381,385,154,415,1,-1,-1,-1
39,-1,1148,349,139,396,1,-1,-1,-1
40,-1,949,282,204,638,1,-1,-1,-1
40,-1,378,385,158,415,1,-1,-1,-1
40,-1,1147,349,141,402,1,-1,-1,-1
41,-1,939,276,205,634,1,-1,-1,-1
41,-1,374,374,155,438,1,-1,-1,-1
41,-1,1140,354,146,403,1,-1,-1,-1
42,-1,1140,357,141,411,1,-1,-1,-1
42,-1,928,284,207,635,1,-1,-1,-1
42,-1,369,368,158,461,1,-1,-1,-1
43,-1,917,292,206,627,1,-1,-1,-1
43,-1,358,367,163,480,1,-1,-1,-1
43,-1,1142,361,140,413,1,-1,-1,-1
44,-1,906,293,223,644,1,-1,-1,-1
44,-1,347,397,173,446,1,-1,-1,-1
45,-1,339,409,173,464,1,-1,-1,-1
45,-1,910,305,199,629,1,-1,-1,-1
45,-1,1123,363,162,438,1,-1,-1,-1
46,-1,1120,399,150,393,1,-1,-1,-1
46,-1,864,478,40,111,1,-1,-1,-1
47,-1,1113,400,149,401,1,-1,-1,-1
47,-1,300,419,166,480,1,-1,-1,-1
47,-1,1653,866,68,190,1,-1,-1,-1
48,-1,1110,393,155,415,1,-1,-1,-1
48,-1,889,339,222,648,1,-1,-1,-1
48,-1,295,408,167,504,1,-1,-1,-1
49,-1,893,345,213,647,1,-1,-1,-1
49,-1,1105,391,149,424,1,-1,-1,-1
49,-1,277,416,177,493,1,-1,-1,-1
50,-1,901,360,197,635,1,-1,-1,-1
50,-1,264,458,190,469,1,-1,-1,-1
50,-1,1103,402,149,419,1,-1,-1,-1
51,-1,902,369,204,636,1,-1,-1,-1
51,-1,253,470,194,458,1,-1,-1,-1
51,-1,1094,408,148,426,1,-1,-1,-1
52,-1,894,371,204,629,1,-1,-1,-1
52,-1,1091,409,148,436,1,-1,-1,-1
52,-1,249,428,175,501,1,-1,-1,-1
53,-1,1089,417,146,424,1,-1,-1,-1
53,-1,903,383,199,624,1,-1,-1,-1
53,-1,238,424,175,522,1,-1,-1,-1
54,-1,1085,416,146,427,1,-1,-1,-1
54,-1,899,381,200,626,1,-1,-1,-1
54,-1,210,418,191,575,1,-1,-1,-1
55,-1,1082,414,150,427,1,-1,-1,-1
55,-1,181,422,212,573,1,-1,-1,-1
55,-1,895,380,194,625,1,-1,-1,-1
56,-1,1080,420,156,416,1,-1,-1,-1
56,-1,167,426,219,577,1,-1,-1,-1
57,-1,1075,423,158,419,1,-1,-1,-1
57,-1,160,425,224,584,1,-1,-1,-1
58,-1,1074,421,159,431,1,-1,-1,-1
58,-1,155,414,208,600,1,-1,-1,-1
59,-1,1072,418,158,436,1,-1,-1,-1
59,-1,154,415,194,606,1,-1,-1,-1
60,-1,1066,425,166,426,1,-1,-1,-1
60,-1,137,411,200,611,1,-1,-1,-1
61,-1,1062,425,171,435,1,-1,-1,-1
61,-1,125,411,204,616,1,-1,-1,-1
62,-1,1064,423,169,436,1,-1,-1,-1
62,-1,104,413,223,633,1,-1,-1,-1
63,-1,1068,422,166,445,1,-1,-1,-1
63,-1,101,406,220,647,1,-1,-1,-1
64,-1,1079,419,164,457,1,-1,-1,-1
64,-1,98,401,224,661,1,-1,-1,-1
64,-1,847,369,205,650,1,-1,-1,-1
65,-1,96,393,230,670,1,-1,-1,-1
65,-1,1081,420,166,461,1,-1,-1,-1
65,-1,859,373,230,655,1,-1,-1,-1
65,-1,442,394,222,625,1,-1,-1,-1
66,-1,1084,418,159,448,1,-1,-1,-1
66,-1,94,398,229,664,1,-1,-1,-1
67,-1,1086,412,169,449,1,-1,-1,-1
67,-1,435,389,226,640,1,-1,-1,-1
67,-1,50,400,248,668,1,-1,-1,-1
68,-1,34,398,256,670,1,-1,-1,-1
68,-1,1091,408,160,442,1,-1,-1,-1
68,-1,425,382,228,637,1,-1,-1,-1
69,-1,28,386,258,682,1,-1,-1,-1
69,-1,429,374,223,651,1,-1,-1,-1
69,-1,1097,404,161,441,1,-1,-1,-1
70,-1,24,378,248,686,1,-1,-1,-1
70,-1,437,369,222,664,1,-1,-1,-1
70,-1,1107,398,155,432,1,-1,-1,-1
71,-1,18,367,249,695,1,-1,-1,-1
71,-1,430,359,229,675,1,-1,-1,-1
71,-1,1108,393,160,434,1,-1,-1,-1
72,-1,425,350,234,690,1,-1,-1,-1
72,-1,15,366,240,703,1,-1,-1,-1
72,-1,1097,394,170,421,1,-1,-1,-1
73,-1,422,343,235,697,1,-1,-1,-1
73,-1,10,348,243,726,1,-1,-1,-1
73,-1,1097,393,166,418,1,-1,-1,-1
74,-1,411,326,249,721,1,-1,-1,-1
74,-1,6,335,238,743,1,-1,-1,-1
74,-1,1103,392,161,420,1,-1,-1,-1
75,-1,405,304,264,749,1,-1,-1,-1
75,-1,3,318,217,762,1,-1,-1,-1
75,-1,1097,380,172,436,1,-1,-1,-1
76,-1,399,297,269,761,1,-1,-1,-1
76,-1,1095,382,174,431,1,-1,-1,-1
76,-1,0,305,200,775,1,-1,-1,-1
77,-1,387,293,276,764,1,-1,-1,-1
77,-1,1095,379,174,429,1,-1,-1,-1
78,-1,368,292,278,764,1,-1,-1,-1
78,-1,1095,380,172,429,1,-1,-1,-1
79,-1,346,291,279,756,1,-1,-1,-1
79,-1,1091,377,175,441,1,-1,-1,-1
80,-1,330,289,288,761,1,-1,-1,-1
80,-1,1092,369,168,449,1,-1,-1,-1
81,-1,307,280,281,763,1,-1,-1,-1
81,-1,1085,366,173,453,1,-1,-1,-1
82,-1,291,263,290,763,1,-1,-1,-1
82,-1,1080,366,179,442,1,-1,-1,-1
83,-1,280,251,306,796,1,-1,-1,-1
83,-1,1080,364,178,437,1,-1,-1,-1
84,-1,1077,365,166,439,1,-1,-1,-1
84,-1,257,234,317,827,1,-1,-1,-1
85,-1,1071,363,171,447,1,-1,-1,-1
85,-1,804,300,225,631,1,-1,-1,-1
86,-1,190,215,318,843,1,-1,-1,-1
86,-1,807,295,220,629,1,-1,-1,-1
86,-1,1059,359,169,459,1,-1,-1,-1
87,-1,174,205,310,864,1,-1,-1,-1
87,-1,786,293,228,633,1,-1,-1,-1
87,-1,1054,355,163,450,1,-1,-1,-1
88,-1,135,177,333,903,1,-1,-1,-1
88,-1,781,291,213,626,1,-1,-1,-1
88,-1,1044,361,170,439,1,-1,-1,-1
89,-1,747,280,235,622,1,-1,-1,-1
89,-1,111,171,344,907,1,-1,-1,-1
90,-1,81,167,364,909,1,-1,-1,-1
90,-1,755,270,226,622,1,-1,-1,-1
91,-1,736,259,232,625,1,-1,-1,-1
91,-1,61,146,355,911,1,-1,-1,-1
92,-1,736,254,225,636,1,-1,-1,-1
92,-1,24,125,391,936,1,-1,-1,-1
92,-1,1011,341,174,416,1,-1,-1,-1
93,-1,736,245,226,643,1,-1,-1,-1
93,-1,2,99,368,968,1,-1,-1,-1
93,-1,1011,330,170,423,1,-1,-1,-1
94,-1,727,240,233,654,1,-1,-1,-1
94,-1,3,107,357,959,1,-1,-1,-1
94,-1,1006,334,174,417,1,-1,-1,-1
95,-1,710,240,241,651,1,-1,-1,-1
95,-1,996,327,175,425,1,-1,-1,-1
95,-1,1,103,358,963,1,-1,-1,-1
96,-1,712,237,240,656,1,-1,-1,-1
96,-1,988,320,182,452,1,-1,-1,-1
97,-1,703,242,244,650,1,-1,-1,-1
97,-1,987,318,184,455,1,-1,-1,-1
98,-1,704,243,241,645,1,-1,-1,-1
98,-1,986,320,188,445,1,-1,-1,-1
99,-1,708,247,240,652,1,-1,-1,-1
99,-1,992,327,183,433,1,-1,-1,-1
100,-1,700,254,243,656,1,-1,-1,-1
100,-1,993,332,182,430,1,-1,-1,-1
101,-1,699,261,254,643,1,-1,-1,-1
101,-1,1000,337,186,424,1,-1,-1,-1
102,-1,707,260,244,645,1,-1,-1,-1
102,-1,1003,329,184,427,1,-1,-1,-1
103,-1,704,259,254,638,1,-1,-1,-1
103,-1,1027,332,212,433,1,-1,-1,-1
104,-1,739,253,234,632,1,-1,-1,-1
104,-1,1052,325,179,433,1,-1,-1,-1
105,-1,751,254,237,626,1,-1,-1,-1
105,-1,1050,317,184,455,1,-1,-1,-1
105,-1,1369,400,35,52,1,-1,-1,-1
106,-1,765,259,233,620,1,-1,-1,-1
106,-1,1053,316,185,452,1,-1,-1,-1
107,-1,776,254,221,621,1,-1,-1,-1
107,-1,1065,309,185,452,1,-1,-1,-1
108,-1,771,250,232,623,1,-1,-1,-1
108,-1,1072,309,183,452,1,-1,-1,-1
109,-1,767,256,239,616,1,-1,-1,-1
109,-1,1079,313,177,449,1,-1,-1,-1
110,-1,774,250,234,618,1,-1,-1,-1
110,-1,1087,307,172,455,1,-1,-1,-1
111,-1,776,246,230,626,1,-1,-1,-1
111,-1,1092,309,171,437,1,-1,-1,-1
112,-1,783,235,222,638,1,-1,-1,-1
112,-1,1097,304,166,450,1,-1,-1,-1
113,-1,769,244,240,624,1,-1,-1,-1
113,-1,1100,303,165,451,1,-1,-1,-1
114,-1,774,238,240,634,1,-1,-1,-1
114,-1,1100,301,168,455,1,-1,-1,-1
115,-1,778,241,236,631,1,-1,-1,-1
115,-1,1104,302,168,450,1,-1,-1,-1
116,-1,780,240,243,631,1,-1,-1,-1
116,-1,1104,301,174,452,1,-1,-1,-1
117,-1,776,252,237,613,1,-1,-1,-1
117,-1,1105,304,171,447,1,-1,-1,-1
118,-1,777,248,236,619,1,-1,-1,-1
118,-1,1105,305,176,444,1,-1,-1,-1
119,-1,766,254,237,613,1,-1,-1,-1
119,-1,1110,304,173,448,1,-1,-1,-1
119,-1,404,361,116,349,1,-1,-1,-1
120,-1,764,252,239,616,1,-1,-1,-1
120,-1,1110,306,172,449,1,-1,-1,-1
121,-1,763,252,242,609,1,-1,-1,-1
121,-1,1104,306,178,453,1,-1,-1,-1
122,-1,756,243,244,616,1,-1,-1,-1
122,-1,1104,304,169,451,1,-1,-1,-1
123,-1,751,236,248,621,1,-1,-1,-1
123,-1,1103,300,170,461,1,-1,-1,-1
124,-1,748,237,245,631,1,-1,-1,-1
124,-1,1099,301,167,449,1,-1,-1,-1
125,-1,744,241,247,624,1,-1,-1,-1
125,-1,1093,303,175,467,1,-1,-1,-1
126,-1,743,240,245,621,1,-1,-1,-1
126,-1,1084,306,178,461,1,-1,-1,-1
127,-1,724,253,250,610,1,-1,-1,-1
127,-1,1080,306,181,460,1,-1,-1,-1
128,-1,714,252,253,619,1,-1,-1,-1
128,-1,1077,304,173,469,1,-1,-1,-1
129,-1,1074,304,181,468,1,-1,-1,-1
129,-1,717,258,249,609,1,-1,-1,-1
129,-1,735,259,203,423,1,-1,-1,-1
130,-1,719,270,250,601,1,-1,-1,-1
130,-1,1072,302,177,463,1,-1,-1,-1
131,-1,721,270,248,595,1,-1,-1,-1
131,-1,1073,301,173,461,1,-1,-1,-1
132,-1,718,269,245,603,1,-1,-1,-1
132,-1,1077,300,174,461,1,-1,-1,-1
133,-1,712,270,253,592,1,-1,-1,-1
133,-1,1071,298,178,479,1,-1,-1,-1
133,-1,944,297,107,346,1,-1,-1,-1
134,-1,1069,300,182,474,1,-1,-1,-1
134,-1,719,267,248,607,1,-1,-1,-1
134,-1,947,302,105,343,1,-1,-1,-1
134,-1,739,276,195,373,1,-1,-1,-1
135,-1,1069,301,183,474,1,-1,-1,-1
135,-1,945,306,109,342,1,-1,-1,-1
135,-1,722,271,235,597,1,-1,-1,-1
135,-1,743,277,195,391,1,-1,-1,-1
136,-1,1071,303,189,475,1,-1,-1,-1
136,-1,746,274,193,382,1,-1,-1,-1
136,-1,932,311,113,333,1,-1,-1,-1
137,-1,734,259,245,599,1,-1,-1,-1
137,-1,1079,303,178,480,1,-1,-1,-1
137,-1,947,304,108,339,1,-1,-1,-1
138,-1,736,253,245,606,1,-1,-1,-1
138,-1,1076,308,187,470,1,-1,-1,-1
138,-1,950,298,107,348,1,-1,-1,-1
139,-1,739,250,241,610,1,-1,-1,-1
139,-1,1074,308,190,473,1,-1,-1,-1
139,-1,951,301,108,348,1,-1,-1,-1
140,-1,742,253,239,614,1,-1,-1,-1
140,-1,1078,308,188,478,1,-1,-1,-1
140,-1,950,304,111,349,1,-1,-1,-1
140,-1,1277,391,40,62,1,-1,-1,-1
141,-1,749,265,239,606,1,-1,-1,-1
141,-1,1082,306,189,483,1,-1,-1,-1
141,-1,954,306,99,354,1,-1,-1,-1
142,-1,749,254,238,615,1,-1,-1,-1
142,-1,1092,306,181,478,1,-1,-1,-1
142,-1,952,314,62,111,1,-1,-1,-1
143,-1,750,264,236,610,1,-1,-1,-1
143,-1,1092,305,186,478,1,-1,-1,-1
144,-1,746,272,243,603,1,-1,-1,-1
144,-1,1097,305,192,470,1,-1,-1,-1
145,-1,753,276,237,606,1,-1,-1,-1
145,-1,964,318,58,105,1,-1,-1,-1
146,-1,763,271,235,606,1,-1,-1,-1
146,-1,1009,314,109,349,1,-1,-1,-1
147,-1,755,273,243,600,1,-1,-1,-1
147,-1,1131,325,202,449,1,-1,-1,-1
148,-1,760,278,238,595,1,-1,-1,-1
148,-1,1138,315,204,467,1,-1,-1,-1
148,-1,1004,308,115,347,1,-1,-1,-1
149,-1,756,275,247,589,1,-1,-1,-1
149,-1,1143,313,205,480,1,-1,-1,-1
149,-1,1000,299,125,367,1,-1,-1,-1
150,-1,770,279,237,600,1,-1,-1,-1
150,-1,1007,304,112,359,1,-1,-1,-1
150,-1,1145,313,202,488,1,-1,-1,-1
150,-1,1733,379,62,81,1,-1,-1,-1
151,-1,766,277,242,605,1,-1,-1,-1
151,-1,1144,313,201,487,1,-1,-1,-1
151,-1,1009,315,109,344,1,-1,-1,-1
152,-1,766,275,246,607,1,-1,-1,-1
152,-1,1147,312,196,498,1,-1,-1,-1
152,-1,1011,307,111,364,1,-1,-1,-1
152,-1,721,412,62,200,1,-1,-1,-1
152,-1,1732,382,70,83,1,-1,-1,-1
153,-1,765,276,247,604,1,-1,-1,-1
153,-1,1148,310,199,492,1,-1,-1,-1
153,-1,1011,312,112,359,1,-1,-1,-1
153,-1,781,282,207,427,1,-1,-1,-1
154,-1,757,274,257,601,1,-1,-1,-1
154,-1,1146,310,199,503,1,-1,-1,-1
154,-1,1015,316,110,345,1,-1,-1,-1
154,-1,206,313,213,571,1,-1,-1,-1
154,-1,772,289,216,422,1,-1,-1,-1
155,-1,758,274,254,596,1,-1,-1,-1
155,-1,180,306,222,575,1,-1,-1,-1
155,-1,1144,308,208,497,1,-1,-1,-1
155,-1,1014,315,111,344,1,-1,-1,-1
156,-1,756,272,257,597,1,-1,-1,-1
156,-1,172,306,227,583,1,-1,-1,-1
156,-1,1142,318,212,494,1,-1,-1,-1
156,-1,1011,318,110,346,1,-1,-1,-1
157,-1,753,275,256,600,1,-1,-1,-1
157,-1,169,308,217,585,1,-1,-1,-1
157,-1,1142,334,202,477,1,-1,-1,-1
157,-1,1008,309,108,366,1,-1,-1,-1
158,-1,752,278,259,595,1,-1,-1,-1
158,-1,162,308,224,581,1,-1,-1,-1
158,-1,1138,334,201,478,1,-1,-1,-1
159,-1,753,274,248,600,1,-1,-1,-1
159,-1,153,290,223,617,1,-1,-1,-1
160,-1,756,280,238,601,1,-1,-1,-1
160,-1,141,300,217,621,1,-1,-1,-1
161,-1,756,272,245,607,1,-1,-1,-1
161,-1,117,286,225,648,1,-1,-1,-1
162,-1,759,280,225,601,1,-1,-1,-1
163,-1,746,288,242,593,1,-1,-1,-1
164,-1,748,285,236,594,1,-1,-1,-1
164,-1,1099,303,181,497,1,-1,-1,-1
164,-1,960,309,87,359,1,-1,-1,-1
164,-1,52,294,245,661,1,-1,-1,-1
165,-1,739,287,253,583,1,-1,-1,-1
165,-1,32,302,257,660,1,-1,-1,-1
165,-1,1097,304,182,488,1,-1,-1,-1
165,-1,955,310,89,358,1,-1,-1,-1
165,-1,636,415,61,177,1,-1,-1,-1
166,-1,29,302,244,662,1,-1,-1,-1
166,-1,745,275,246,600,1,-1,-1,-1
166,-1,1091,305,183,484,1,-1,-1,-1
166,-1,943,303,100,363,1,-1,-1,-1
166,-1,630,418,60,147,1,-1,-1,-1
167,-1,22,287,239,686,1,-1,-1,-1
167,-1,1089,305,187,484,1,-1,-1,-1
167,-1,938,300,102,366,1,-1,-1,-1
167,-1,772,271,191,484,1,-1,-1,-1
168,-1,16,282,236,696,1,-1,-1,-1
168,-1,1088,304,196,486,1,-1,-1,-1
168,-1,749,263,223,604,1,-1,-1,-1
168,-1,936,301,110,368,1,-1,-1,-1
169,-1,15,277,234,713,1,-1,-1,-1
169,-1,1084,306,185,480,1,-1,-1,-1
169,-1,764,253,200,519,1,-1,-1,-1
169,-1,933,298,114,372,1,-1,-1,-1
169,-1,628,420,59,140,1,-1,-1,-1
170,-1,13,267,229,754,1,-1,-1,-1
170,-1,1081,306,187,483,1,-1,-1,-1
170,-1,740,252,227,517,1,-1,-1,-1
170,-1,931,301,113,369,1,-1,-1,-1
171,-1,8,256,223,768,1,-1,-1,-1
171,-1,1086,308,185,473,1,-1,-1,-1
171,-1,761,258,209,502,1,-1,-1,-1
171,-1,608,418,67,138,1,-1,-1,-1
171,-1,929,296,115,372,1,-1,-1,-1
172,-1,1085,308,186,471,1,-1,-1,-1
172,-1,770,254,198,508,1,-1,-1,-1
172,-1,5,235,214,798,1,-1,-1,-1
172,-1,924,298,115,373,1,-1,-1,-1
173,-1,1074,309,198,472,1,-1,-1,-1
173,-1,778,254,187,507,1,-1,-1,-1
173,-1,924,300,111,372,1,-1,-1,-1
174,-1,1078,308,191,473,1,-1,-1,-1
174,-1,923,298,110,377,1,-1,-1,-1
174,-1,781,251,182,512,1,-1,-1,-1
174,-1,0,211,176,848,1,-1,-1,-1
175,-1,1082,306,186,482,1,-1,-1,-1
175,-1,788,252,176,518,1,-1,-1,-1
175,-1,927,297,110,375,1,-1,-1,-1
176,-1,1086,306,190,490,1,-1,-1,-1
176,-1,799,252,171,506,1,-1,-1,-1
176,-1,0,212,159,855,1,-1,-1,-1
177,-1,1084,306,202,477,1,-1,-1,-1
177,-1,930,295,103,382,1,-1,-1,-1
178,-1,1087,308,200,464,1,-1,-1,-1
178,-1,802,280,173,463,1,-1,-1,-1
178,-1,927,300,99,372,1,-1,-1,-1
179,-1,1088,306,201,466,1,-1,-1,-1
179,-1,810,287,169,449,1,-1,-1,-1
180,-1,1092,308,198,456,1,-1,-1,-1
180,-1,807,289,169,513,1,-1,-1,-1
181,-1,810,291,171,475,1,-1,-1,-1
181,-1,1099,308,187,464,1,-1,-1,-1
182,-1,807,292,167,482,1,-1,-1,-1
183,-1,913,296,104,372,1,-1,-1,-1
183,-1,1128,311,203,487,1,-1,-1,-1
184,-1,1132,310,209,482,1,-1,-1,-1
184,-1,894,292,113,385,1,-1,-1,-1
185,-1,1140,313,203,478,1,-1,-1,-1
185,-1,878,290,129,387,1,-1,-1,-1
185,-1,814,292,167,411,1,-1,-1,-1
186,-1,1149,310,200,482,1,-1,-1,-1
186,-1,854,284,161,403,1,-1,-1,-1
187,-1,1146,298,204,506,1,-1,-1,-1
187,-1,703,326,106,337,1,-1,-1,-1
188,-1,1153,300,194,492,1,-1,-1,-1
188,-1,705,322,106,345,1,-1,-1,-1
189,-1,1152,294,200,503,1,-1,-1,-1
189,-1,703,325,111,341,1,-1,-1,-1
190,-1,697,323,114,344,1,-1,-1,-1
190,-1,1156,292,192,502,1,-1,-1,-1
191,-1,1156,289,194,511,1,-1,-1,-1
191,-1,698,322,113,353,1,-1,-1,-1
192,-1,1155,300,196,502,1,-1,-1,-1
192,-1,698,326,112,353,1,-1,-1,-1
192,-1,604,365,133,326,1,-1,-1,-1
193,-1,1151,308,202,492,1,-1,-1,-1
194,-1,1151,305,205,509,1,-1,-1,-1
195,-1,1147,306,201,500,1,-1,-1,-1
195,-1,535,366,107,323,1,-1,-1,-1
196,-1,1146,308,204,508,1,-1,-1,-1
197,-1,1757,386,77,77,1,-1,-1,-1
197,-1,1147,317,195,486,1,-1,-1,-1
197,-1,523,378,106,311,1,-1,-1,-1
198,-1,636,374,114,327,1,-1,-1,-1
199,-1,627,370,119,341,1,-1,-1,-1
199,-1,513,383,107,319,1,-1,-1,-1
200,-1,618,376,126,341,1,-1,-1,-1
200,-1,502,381,113,331,1,-1,-1,-1
201,-1,621,371,122,345,1,-1,-1,-1
201,-1,494,379,117,337,1,-1,-1,-1
202,-1,616,371,122,350,1,-1,-1,-1
202,-1,1736,387,82,85,1,-1,-1,-1
202,-1,488,383,120,352,1,-1,-1,-1
203,-1,608,371,116,357,1,-1,-1,-1
203,-1,1733,390,71,81,1,-1,-1,-1
203,-1,432,377,132,354,1,-1,-1,-1
204,-1,603,368,116,365,1,-1,-1,-1
204,-1,1726,393,76,80,1,-1,-1,-1
204,-1,813,304,167,468,1,-1,-1,-1
205,-1,597,367,117,372,1,-1,-1,-1
205,-1,1727,394,76,80,1,-1,-1,-1
206,-1,583,361,129,383,1,-1,-1,-1
206,-1,1723,390,79,87,1,-1,-1,-1
206,-1,428,379,126,354,1,-1,-1,-1
207,-1,576,361,131,383,1,-1,-1,-1
207,-1,1725,390,76,85,1,-1,-1,-1
207,-1,413,378,141,358,1,-1,-1,-1
208,-1,578,365,130,379,1,-1,-1,-1
208,-1,1731,393,69,82,1,-1,-1,-1
208,-1,407,392,151,356,1,-1,-1,-1
209,-1,581,372,127,366,1,-1,-1,-1
209,-1,402,373,149,369,1,-1,-1,-1
209,-1,1731,392,70,82,1,-1,-1,-1
210,-1,574,370,133,369,1,-1,-1,-1
210,-1,400,387,159,369,1,-1,-1,-1
210,-1,1728,396,73,79,1,-1,-1,-1
211,-1,578,362,130,385,1,-1,-1,-1
211,-1,382,374,179,387,1,-1,-1,-1
211,-1,1726,394,74,80,1,-1,-1,-1
211,-1,804,305,169,495,1,-1,-1,-1
212,-1,570,366,135,366,1,-1,-1,-1
212,-1,384,380,172,385,1,-1,-1,-1
212,-1,804,310,168,480,1,-1,-1,-1
212,-1,1726,385,77,90,1,-1,-1,-1
213,-1,564,362,141,364,1,-1,-1,-1
213,-1,379,383,172,382,1,-1,-1,-1
213,-1,800,323,170,440,1,-1,-1,-1
214,-1,363,361,171,420,1,-1,-1,-1
214,-1,560,367,142,356,1,-1,-1,-1
214,-1,797,318,171,479,1,-1,-1,-1
214,-1,1106,356,182,480,1,-1,-1,-1
215,-1,374,390,161,392,1,-1,-1,-1
215,-1,1729,395,78,83,1,-1,-1,-1
216,-1,366,391,156,396,1,-1,-1,-1
216,-1,800,320,174,412,1,-1,-1,-1
217,-1,798,312,178,426,1,-1,-1,-1
218,-1,353,354,160,439,1,-1,-1,-1
218,-1,543,358,159,379,1,-1,-1,-1
219,-1,362,370,162,433,1,-1,-1,-1
219,-1,1762,397,67,81,1,-1,-1,-1
220,-1,357,366,158,391,1,-1,-1,-1
220,-1,543,358,157,355,1,-1,-1,-1
220,-1,1762,401,69,77,1,-1,-1,-1
221,-1,544,355,160,398,1,-1,-1,-1
221,-1,1149,340,194,518,1,-1,-1,-1
221,-1,1769,402,62,77,1,-1,-1,-1
222,-1,541,350,168,404,1,-1,-1,-1
223,-1,546,346,169,440,1,-1,-1,-1
223,-1,856,314,178,464,1,-1,-1,-1
223,-1,366,356,157,477,1,-1,-1,-1
224,-1,847,305,194,518,1,-1,-1,-1
224,-1,1799,392,84,87,1,-1,-1,-1
225,-1,1799,396,85,82,1,-1,-1,-1
225,-1,356,346,159,492,1,-1,-1,-1
225,-1,543,343,173,447,1,-1,-1,-1
225,-1,855,307,188,512,1,-1,-1,-1
225,-1,1167,337,184,519,1,-1,-1,-1
226,-1,852,306,193,504,1,-1,-1,-1
226,-1,351,342,166,514,1,-1,-1,-1
226,-1,1179,331,179,520,1,-1,-1,-1
227,-1,862,306,183,479,1,-1,-1,-1
227,-1,1812,398,78,83,1,-1,-1,-1
227,-1,1177,329,183,522,1,-1,-1,-1
227,-1,1031,318,101,329,1,-1,-1,-1
228,-1,866,306,178,462,1,-1,-1,-1
228,-1,1811,391,89,93,1,-1,-1,-1
229,-1,870,304,181,467,1,-1,-1,-1
229,-1,1817,395,84,89,1,-1,-1,-1
230,-1,870,302,179,498,1,-1,-1,-1
231,-1,367,316,323,517,1,-1,-1,-1
231,-1,873,305,178,506,1,-1,-1,-1
231,-1,1183,338,177,510,1,-1,-1,-1
232,-1,366,313,318,534,1,-1,-1,-1
232,-1,877,304,175,500,1,-1,-1,-1
233,-1,357,305,301,548,1,-1,-1,-1
233,-1,863,304,188,512,1,-1,-1,-1
233,-1,1174,338,184,518,1,-1,-1,-1
234,-1,338,294,332,566,1,-1,-1,-1
234,-1,863,308,190,488,1,-1,-1,-1
234,-1,1164,341,189,518,1,-1,-1,-1
235,-1,352,290,327,577,1,-1,-1,-1
235,-1,870,307,180,503,1,-1,-1,-1
235,-1,1157,339,196,509,1,-1,-1,-1
236,-1,355,287,298,586,1,-1,-1,-1
236,-1,873,307,175,515,1,-1,-1,-1
236,-1,1157,344,188,512,1,-1,-1,-1
237,-1,357,281,273,603,1,-1,-1,-1
237,-1,1153,349,195,510,1,-1,-1,-1
237,-1,868,307,180,522,1,-1,-1,-1
237,-1,717,386,110,323,1,-1,-1,-1
238,-1,356,273,256,615,1,-1,-1,-1
238,-1,866,311,184,511,1,-1,-1,-1
238,-1,1146,341,210,522,1,-1,-1,-1
239,-1,349,269,259,628,1,-1,-1,-1
239,-1,865,329,161,453,1,-1,-1,-1
239,-1,1150,373,207,489,1,-1,-1,-1
240,-1,336,270,256,633,1,-1,-1,-1
240,-1,1144,381,207,490,1,-1,-1,-1
240,-1,856,333,168,458,1,-1,-1,-1
241,-1,327,257,257,669,1,-1,-1,-1
241,-1,858,341,155,454,1,-1,-1,-1
241,-1,1137,378,211,493,1,-1,-1,-1
242,-1,304,238,262,696,1,-1,-1,-1
242,-1,1138,372,210,502,1,-1,-1,-1
242,-1,148,291,226,650,1,-1,-1,-1
243,-1,289,247,279,691,1,-1,-1,-1
243,-1,119,300,243,639,1,-1,-1,-1
243,-1,851,347,156,432,1,-1,-1,-1
244,-1,278,251,281,745,1,-1,-1,-1
244,-1,850,345,157,415,1,-1,-1,-1
245,-1,266,247,288,749,1,-1,-1,-1
246,-1,206,257,295,708,1,-1,-1,-1
246,-1,811,342,178,430,1,-1,-1,-1
247,-1,235,251,264,707,1,-1,-1,-1
247,-1,798,334,183,512,1,-1,-1,-1
248,-1,244,250,250,715,1,-1,-1,-1
248,-1,608,416,140,325,1,-1,-1,-1
249,-1,160,239,317,777,1,-1,-1,-1
249,-1,784,340,192,528,1,-1,-1,-1
249,-1,607,406,141,352,1,-1,-1,-1
250,-1,153,221,323,802,1,-1,-1,-1
250,-1,774,337,206,534,1,-1,-1,-1
251,-1,150,222,307,776,1,-1,-1,-1
251,-1,605,412,146,358,1,-1,-1,-1
251,-1,0,324,202,727,1,-1,-1,-1
252,-1,140,218,291,799,1,-1,-1,-1
252,-1,783,347,193,538,1,-1,-1,-1
252,-1,608,422,140,345,1,-1,-1,-1
253,-1,103,197,308,841,1,-1,-1,-1
253,-1,609,418,140,352,1,-1,-1,-1
253,-1,783,352,190,523,1,-1,-1,-1
254,-1,86,195,309,839,1,-1,-1,-1
254,-1,609,421,135,350,1,-1,-1,-1
254,-1,789,348,191,529,1,-1,-1,-1
255,-1,86,194,303,857,1,-1,-1,-1
255,-1,608,423,133,353,1,-1,-1,-1
256,-1,608,406,137,382,1,-1,-1,-1
256,-1,13,181,388,894,1,-1,-1,-1
257,-1,612,418,132,379,1,-1,-1,-1
257,-1,5,170,400,896,1,-1,-1,-1
258,-1,601,419,149,384,1,-1,-1,-1
258,-1,4,170,385,896,1,-1,-1,-1
259,-1,3,153,385,914,1,-1,-1,-1
259,-1,600,425,147,376,1,-1,-1,-1
260,-1,2,146,370,913,1,-1,-1,-1
260,-1,603,427,141,376,1,-1,-1,-1
261,-1,596,431,148,370,1,-1,-1,-1
261,-1,2,132,353,922,1,-1,-1,-1
261,-1,838,347,178,463,1,-1,-1,-1
262,-1,603,442,137,360,1,-1,-1,-1
262,-1,1,119,340,922,1,-1,-1,-1
262,-1,846,350,180,480,1,-1,-1,-1
262,-1,488,463,133,357,1,-1,-1,-1
263,-1,599,437,136,366,1,-1,-1,-1
263,-1,4,131,308,880,1,-1,-1,-1
263,-1,844,355,183,460,1,-1,-1,-1
264,-1,599,426,136,377,1,-1,-1,-1
264,-1,840,345,186,474,1,-1,-1,-1
265,-1,576,413,155,395,1,-1,-1,-1
265,-1,3,139,285,839,1,-1,-1,-1
266,-1,580,410,148,396,1,-1,-1,-1
266,-1,842,344,178,476,1,-1,-1,-1
267,-1,563,401,161,408,1,-1,-1,-1
267,-1,845,346,177,480,1,-1,-1,-1
268,-1,567,389,152,418,1,-1,-1,-1
268,-1,848,352,174,452,1,-1,-1,-1
268,-1,1009,413,134,347,1,-1,-1,-1
269,-1,570,388,151,422,1,-1,-1,-1
269,-1,399,400,170,443,1,-1,-1,-1
269,-1,851,347,172,471,1,-1,-1,-1
270,-1,562,357,160,462,1,-1,-1,-1
270,-1,999,376,151,377,1,-1,-1,-1
271,-1,560,358,160,461,1,-1,-1,-1
274,-1,1131,313,238,572,1,-1,-1,-1
276,-1,1126,304,229,582,1,-1,-1,-1
277,-1,1126,302,238,581,1,-1,-1,-1
277,-1,780,304,186,508,1,-1,-1,-1
278,-1,1129,296,241,577,1,-1,-1,-1
278,-1,778,290,177,527,1,-1,-1,-1
279,-1,784,282,172,523,1,-1,-1,-1
279,-1,1128,287,239,583,1,-1,-1,-1
280,-1,1125,275,244,582,1,-1,-1,-1
280,-1,778,265,174,536,1,-1,-1,-1
280,-1,213,267,251,587,1,-1,-1,-1
280,-1,958,312,170,433,1,-1,-1,-1
281,-1,195,264,258,598,1,-1,-1,-1
281,-1,1130,266,244,588,1,-1,-1,-1
282,-1,185,255,261,601,1,-1,-1,-1
282,-1,1128,261,244,583,1,-1,-1,-1
282,-1,961,296,176,440,1,-1,-1,-1
282,-1,755,241,200,540,1,-1,-1,-1
283,-1,956,291,183,443,1,-1,-1,-1
283,-1,762,234,189,533,1,-1,-1,-1
283,-1,182,194,254,644,1,-1,-1,-1
284,-1,754,225,192,545,1,-1,-1,-1
284,-1,170,199,247,632,1,-1,-1,-1
284,-1,952,281,189,447,1,-1,-1,-1
285,-1,753,219,198,540,1,-1,-1,-1
285,-1,155,191,250,637,1,-1,-1,-1
285,-1,961,275,179,445,1,-1,-1,-1
286,-1,158,182,249,648,1,-1,-1,-1
286,-1,772,219,186,531,1,-1,-1,-1
286,-1,971,273,177,444,1,-1,-1,-1
287,-1,136,177,254,655,1,-1,-1,-1
287,-1,979,264,177,442,1,-1,-1,-1
287,-1,771,210,184,536,1,-1,-1,-1
288,-1,137,171,245,654,1,-1,-1,-1
288,-1,979,262,171,411,1,-1,-1,-1
288,-1,784,214,171,527,1,-1,-1,-1
289,-1,133,170,242,653,1,-1,-1,-1
289,-1,996,262,167,419,1,-1,-1,-1
289,-1,456,170,205,640,1,-1,-1,-1
290,-1,134,166,248,662,1,-1,-1,-1
290,-1,1147,199,245,586,1,-1,-1,-1
290,-1,1004,246,167,462,1,-1,-1,-1
291,-1,133,172,244,653,1,-1,-1,-1
291,-1,746,290,62,237,1,-1,-1,-1
291,-1,443,170,220,640,1,-1,-1,-1
292,-1,123,149,259,683,1,-1,-1,-1
292,-1,745,293,65,226,1,-1,-1,-1
293,-1,117,140,267,711,1,-1,-1,-1
293,-1,751,293,72,222,1,-1,-1,-1
293,-1,433,177,223,649,1,-1,-1,-1
294,-1,117,126,255,741,1,-1,-1,-1
294,-1,1048,232,175,516,1,-1,-1,-1
294,-1,754,294,71,222,1,-1,-1,-1
295,-1,101,120,279,750,1,-1,-1,-1
295,-1,849,184,179,522,1,-1,-1,-1
295,-1,1049,229,176,510,1,-1,-1,-1
295,-1,441,170,217,667,1,-1,-1,-1
296,-1,93,109,280,777,1,-1,-1,-1
296,-1,439,163,223,680,1,-1,-1,-1
296,-1,1060,222,179,525,1,-1,-1,-1
296,-1,857,186,170,512,1,-1,-1,-1
296,-1,1253,185,234,610,1,-1,-1,-1
297,-1,433,152,225,692,1,-1,-1,-1
297,-1,853,191,168,475,1,-1,-1,-1
297,-1,96,135,270,760,1,-1,-1,-1
298,-1,408,121,243,733,1,-1,-1,-1
298,-1,80,123,280,783,1,-1,-1,-1
298,-1,867,190,157,487,1,-1,-1,-1
298,-1,1073,226,187,525,1,-1,-1,-1
299,-1,390,87,265,780,1,-1,-1,-1
299,-1,871,184,162,519,1,-1,-1,-1
299,-1,1076,215,194,533,1,-1,-1,-1
300,-1,364,88,294,793,1,-1,-1,-1
300,-1,872,190,165,528,1,-1,-1,-1
300,-1,1076,215,200,529,1,-1,-1,-1
300,-1,7,110,312,822,1,-1,-1,-1
300,-1,1291,191,220,600,1,-1,-1,-1
301,-1,357,83,298,815,1,-1,-1,-1
301,-1,875,184,162,538,1,-1,-1,-1
301,-1,13,110,290,846,1,-1,-1,-1
301,-1,1294,192,219,604,1,-1,-1,-1
302,-1,357,84,294,807,1,-1,-1,-1
302,-1,9,87,278,860,1,-1,-1,-1
302,-1,880,186,160,525,1,-1,-1,-1
302,-1,1088,194,235,595,1,-1,-1,-1
302,-1,1298,192,210,608,1,-1,-1,-1
303,-1,332,68,307,834,1,-1,-1,-1
303,-1,876,186,164,519,1,-1,-1,-1
303,-1,1,99,280,887,1,-1,-1,-1
303,-1,1307,193,204,600,1,-1,-1,-1
304,-1,325,69,329,845,1,-1,-1,-1
304,-1,872,187,170,527,1,-1,-1,-1
304,-1,1096,197,233,593,1,-1,-1,-1
304,-1,1307,188,208,607,1,-1,-1,-1
304,-1,0,58,263,926,1,-1,-1,-1
305,-1,307,59,349,876,1,-1,-1,-1
305,-1,1099,201,234,597,1,-1,-1,-1
305,-1,864,186,171,524,1,-1,-1,-1
305,-1,1303,190,214,605,1,-1,-1,-1
306,-1,293,48,355,917,1,-1,-1,-1
306,-1,864,181,166,518,1,-1,-1,-1
306,-1,1121,194,204,608,1,-1,-1,-1
306,-1,1304,192,213,607,1,-1,-1,-1
307,-1,277,37,350,959,1,-1,-1,-1
307,-1,861,176,166,517,1,-1,-1,-1
307,-1,1120,192,209,612,1,-1,-1,-1
307,-1,1299,189,210,611,1,-1,-1,-1
308,-1,268,20,356,978,1,-1,-1,-1
308,-1,856,184,168,510,1,-1,-1,-1
308,-1,1113,194,208,611,1,-1,-1,-1
308,-1,1308,187,200,611,1,-1,-1,-1
309,-1,1090,196,235,614,1,-1,-1,-1
309,-1,850,187,177,509,1,-1,-1,-1
309,-1,1302,193,210,616,1,-1,-1,-1
309,-1,250,45,360,903,1,-1,-1,-1
310,-1,1098,193,232,619,1,-1,-1,-1
310,-1,851,187,176,515,1,-1,-1,-1
310,-1,1306,189,209,620,1,-1,-1,-1
311,-1,1095,181,219,640,1,-1,-1,-1
311,-1,846,185,179,525,1,-1,-1,-1
311,-1,1302,184,215,622,1,-1,-1,-1
312,-1,1086,179,236,651,1,-1,-1,-1
312,-1,1306,180,211,637,1,-1,-1,-1
313,-1,1083,182,238,663,1,-1,-1,-1
313,-1,1309,180,211,638,1,-1,-1,-1
313,-1,122,4,421,1076,1,-1,-1,-1
314,-1,1099,175,227,678,1,-1,-1,-1
314,-1,1312,176,203,654,1,-1,-1,-1
315,-1,1106,173,238,701,1,-1,-1,-1
315,-1,109,0,426,1074,1,-1,-1,-1
315,-1,1301,177,210,665,1,-1,-1,-1
315,-1,841,198,179,507,1,-1,-1,-1
316,-1,1116,168,227,739,1,-1,-1,-1
316,-1,88,0,440,994,1,-1,-1,-1
316,-1,842,197,176,502,1,-1,-1,-1
317,-1,1109,163,265,775,1,-1,-1,-1
317,-1,61,0,454,1033,1,-1,-1,-1
317,-1,841,194,177,509,1,-1,-1,-1
318,-1,1116,160,259,784,1,-1,-1,-1
318,-1,6,0,504,1065,1,-1,-1,-1
318,-1,843,191,175,513,1,-1,-1,-1
319,-1,1102,160,286,784,1,-1,-1,-1
319,-1,1,13,476,1067,1,-1,-1,-1
319,-1,850,187,172,521,1,-1,-1,-1
320,-1,1128,149,301,828,1,-1,-1,-1
320,-1,1,8,454,1072,1,-1,-1,-1
320,-1,851,186,167,511,1,-1,-1,-1
321,-1,1129,133,318,871,1,-1,-1,-1
321,-1,3,0,434,1073,1,-1,-1,-1
321,-1,857,182,170,526,1,-1,-1,-1
321,-1,552,318,37,134,1,-1,-1,-1
322,-1,1129,140,317,855,1,-1,-1,-1
322,-1,853,182,169,486,1,-1,-1,-1
322,-1,4,0,414,1070,1,-1,-1,-1
322,-1,552,317,43,136,1,-1,-1,-1
322,-1,752,301,58,195,1,-1,-1,-1
322,-1,637,313,46,144,1,-1,-1,-1
323,-1,1137,138,318,878,1,-1,-1,-1
323,-1,857,179,165,485,1,-1,-1,-1
323,-1,6,0,389,1078,1,-1,-1,-1
323,-1,557,317,41,127,1,-1,-1,-1
324,-1,1145,117,320,905,1,-1,-1,-1
324,-1,852,184,177,488,1,-1,-1,-1
324,-1,555,315,44,138,1,-1,-1,-1
324,-1,5,0,359,1080,1,-1,-1,-1
325,-1,859,179,168,500,1,-1,-1,-1
325,-1,1150,112,345,904,1,-1,-1,-1
325,-1,558,316,37,135,1,-1,-1,-1
326,-1,859,172,168,493,1,-1,-1,-1
326,-1,1159,104,341,927,1,-1,-1,-1
326,-1,7,2,262,915,1,-1,-1,-1
327,-1,1179,65,345,987,1,-1,-1,-1
327,-1,858,178,170,488,1,-1,-1,-1
327,-1,8,10,238,854,1,-1,-1,-1
328,-1,1193,30,348,1046,1,-1,-1,-1
328,-1,859,177,169,496,1,-1,-1,-1
329,-1,1209,19,345,1056,1,-1,-1,-1
329,-1,862,176,161,502,1,-1,-1,-1
329,-1,734,249,100,318,1,-1,-1,-1
330,-1,1240,33,344,1047,1,-1,-1,-1
330,-1,869,181,158,522,1,-1,-1,-1
330,-1,729,248,105,316,1,-1,-1,-1
331,-1,1241,28,366,1052,1,-1,-1,-1
331,-1,734,259,95,310,1,-1,-1,-1
331,-1,867,187,157,517,1,-1,-1,-1
331,-1,628,302,48,167,1,-1,-1,-1
331,-1,566,318,43,127,1,-1,-1,-1
332,-1,1257,49,370,1031,1,-1,-1,-1
332,-1,718,249,110,330,1,-1,-1,-1
332,-1,864,193,159,507,1,-1,-1,-1
333,-1,1260,50,387,1030,1,-1,-1,-1
333,-1,562,315,48,120,1,-1,-1,-1
333,-1,717,260,114,321,1,-1,-1,-1
334,-1,1263,116,403,964,1,-1,-1,-1
334,-1,563,314,48,129,1,-1,-1,-1
334,-1,710,262,123,326,1,-1,-1,-1
335,-1,1270,103,425,975,1,-1,-1,-1
335,-1,710,259,124,330,1,-1,-1,-1
335,-1,864,200,172,499,1,-1,-1,-1
336,-1,1302,25,481,1033,1,-1,-1,-1
336,-1,714,261,118,333,1,-1,-1,-1
336,-1,860,215,169,499,1,-1,-1,-1
337,-1,1324,31,495,1037,1,-1,-1,-1
337,-1,716,258,114,347,1,-1,-1,-1
337,-1,1214,335,70,226,1,-1,-1,-1
337,-1,868,213,159,490,1,-1,-1,-1
338,-1,1341,18,500,1055,1,-1,-1,-1
338,-1,716,258,114,356,1,-1,-1,-1
339,-1,716,257,109,358,1,-1,-1,-1
339,-1,1367,18,498,1062,1,-1,-1,-1
339,-1,1006,239,117,395,1,-1,-1,-1
340,-1,1250,156,248,668,1,-1,-1,-1
340,-1,711,264,112,352,1,-1,-1,-1
340,-1,1382,7,533,1059,1,-1,-1,-1
341,-1,706,263,115,352,1,-1,-1,-1
341,-1,1253,163,278,657,1,-1,-1,-1
342,-1,1251,189,267,660,1,-1,-1,-1
342,-1,698,259,117,357,1,-1,-1,-1
342,-1,1360,2,557,1065,1,-1,-1,-1
343,-1,1252,170,268,695,1,-1,-1,-1
343,-1,704,258,108,360,1,-1,-1,-1
343,-1,1372,0,543,1065,1,-1,-1,-1
344,-1,693,257,115,350,1,-1,-1,-1
344,-1,1397,0,517,1050,1,-1,-1,-1
344,-1,1251,166,251,703,1,-1,-1,-1
345,-1,1431,0,485,1060,1,-1,-1,-1
345,-1,685,250,123,361,1,-1,-1,-1
345,-1,1224,164,278,693,1,-1,-1,-1
346,-1,1460,2,456,985,1,-1,-1,-1
346,-1,1210,173,248,666,1,-1,-1,-1
346,-1,791,219,183,485,1,-1,-1,-1
346,-1,688,257,115,361,1,-1,-1,-1
346,-1,978,226,143,414,1,-1,-1,-1
347,-1,1186,177,268,650,1,-1,-1,-1
347,-1,1496,0,417,1001,1,-1,-1,-1
347,-1,781,217,193,506,1,-1,-1,-1
348,-1,1183,171,274,659,1,-1,-1,-1
348,-1,782,220,190,504,1,-1,-1,-1
348,-1,650,252,116,360,1,-1,-1,-1
348,-1,1136,339,65,218,1,-1,-1,-1
348,-1,697,254,102,360,1,-1,-1,-1
349,-1,1175,170,285,660,1,-1,-1,-1
349,-1,782,219,193,512,1,-1,-1,-1
349,-1,636,240,127,383,1,-1,-1,-1
349,-1,1140,339,66,218,1,-1,-1,-1
350,-1,1175,170,283,664,1,-1,-1,-1
350,-1,1137,340,65,217,1,-1,-1,-1
350,-1,631,251,130,376,1,-1,-1,-1
350,-1,782,217,200,523,1,-1,-1,-1
351,-1,1164,178,282,649,1,-1,-1,-1
351,-1,623,246,126,382,1,-1,-1,-1
351,-1,1133,342,65,220,1,-1,-1,-1
351,-1,538,301,50,174,1,-1,-1,-1
351,-1,778,217,198,515,1,-1,-1,-1
352,-1,1164,183,271,647,1,-1,-1,-1
352,-1,611,242,139,394,1,-1,-1,-1
352,-1,780,219,194,504,1,-1,-1,-1
352,-1,1135,351,59,203,1,-1,-1,-1
353,-1,1153,182,273,649,1,-1,-1,-1
353,-1,609,239,143,396,1,-1,-1,-1
354,-1,1155,179,268,654,1,-1,-1,-1
354,-1,606,241,145,394,1,-1,-1,-1
354,-1,1128,342,63,222,1,-1,-1,-1
355,-1,1150,178,275,663,1,-1,-1,-1
355,-1,586,239,149,399,1,-1,-1,-1
356,-1,1144,172,274,669,1,-1,-1,-1
356,-1,588,247,143,389,1,-1,-1,-1
357,-1,1136,174,275,667,1,-1,-1,-1
357,-1,573,246,148,388,1,-1,-1,-1
358,-1,1141,163,268,683,1,-1,-1,-1
358,-1,569,244,143,392,1,-1,-1,-1
358,-1,813,185,157,518,1,-1,-1,-1
359,-1,1131,154,269,696,1,-1,-1,-1
359,-1,564,230,139,408,1,-1,-1,-1
359,-1,451,301,57,178,1,-1,-1,-1
359,-1,811,187,164,517,1,-1,-1,-1
360,-1,1117,158,273,692,1,-1,-1,-1
360,-1,516,230,154,408,1,-1,-1,-1
360,-1,818,188,153,503,1,-1,-1,-1
361,-1,1111,154,275,701,1,-1,-1,-1
361,-1,502,220,160,424,1,-1,-1,-1
361,-1,817,186,137,513,1,-1,-1,-1
362,-1,1109,155,268,702,1,-1,-1,-1
362,-1,810,188,146,512,1,-1,-1,-1
362,-1,487,226,156,418,1,-1,-1,-1
363,-1,1097,158,267,702,1,-1,-1,-1
363,-1,501,227,133,423,1,-1,-1,-1
363,-1,802,188,145,518,1,-1,-1,-1
364,-1,1091,153,275,704,1,-1,-1,-1
364,-1,475,222,156,430,1,-1,-1,-1
364,-1,796,185,148,530,1,-1,-1,-1
365,-1,1090,149,282,711,1,-1,-1,-1
365,-1,473,231,153,429,1,-1,-1,-1
365,-1,784,184,155,538,1,-1,-1,-1
366,-1,1092,151,280,708,1,-1,-1,-1
366,-1,460,243,155,435,1,-1,-1,-1
367,-1,1093,156,277,692,1,-1,-1,-1
367,-1,452,225,161,453,1,-1,-1,-1
367,-1,773,186,164,542,1,-1,-1,-1
368,-1,1096,159,272,683,1,-1,-1,-1
368,-1,449,220,164,451,1,-1,-1,-1
368,-1,769,186,167,538,1,-1,-1,-1
368,-1,343,311,50,146,1,-1,-1,-1
369,-1,1098,157,265,685,1,-1,-1,-1
369,-1,445,226,162,447,1,-1,-1,-1
370,-1,1097,156,268,685,1,-1,-1,-1
370,-1,770,186,168,535,1,-1,-1,-1
370,-1,441,232,162,444,1,-1,-1,-1
370,-1,605,220,148,476,1,-1,-1,-1
371,-1,1101,158,262,686,1,-1,-1,-1
371,-1,769,191,171,523,1,-1,-1,-1
372,-1,1101,155,264,692,1,-1,-1,-1
372,-1,769,191,173,518,1,-1,-1,-1
372,-1,600,221,153,500,1,-1,-1,-1
372,-1,414,240,158,432,1,-1,-1,-1
373,-1,1103,162,258,692,1,-1,-1,-1
373,-1,767,193,171,527,1,-1,-1,-1
373,-1,592,214,157,509,1,-1,-1,-1
374,-1,1110,156,267,699,1,-1,-1,-1
374,-1,408,244,160,454,1,-1,-1,-1
375,-1,1112,164,258,689,1,-1,-1,-1
375,-1,399,246,166,475,1,-1,-1,-1
375,-1,572,227,172,505,1,-1,-1,-1
375,-1,778,215,171,519,1,-1,-1,-1
376,-1,1121,165,254,692,1,-1,-1,-1
376,-1,398,248,162,473,1,-1,-1,-1
376,-1,565,226,179,513,1,-1,-1,-1
376,-1,784,214,166,532,1,-1,-1,-1
377,-1,1110,155,260,707,1,-1,-1,-1
377,-1,394,245,168,484,1,-1,-1,-1
377,-1,561,225,188,516,1,-1,-1,-1
377,-1,781,219,173,525,1,-1,-1,-1
378,-1,1127,172,245,684,1,-1,-1,-1
378,-1,387,246,164,484,1,-1,-1,-1
378,-1,780,223,174,516,1,-1,-1,-1
378,-1,563,226,186,520,1,-1,-1,-1
379,-1,1123,191,246,683,1,-1,-1,-1
379,-1,388,241,173,499,1,-1,-1,-1
379,-1,564,240,180,512,1,-1,-1,-1
379,-1,785,222,170,517,1,-1,-1,-1
380,-1,1114,171,254,691,1,-1,-1,-1
380,-1,374,237,179,511,1,-1,-1,-1
380,-1,795,219,175,535,1,-1,-1,-1
380,-1,556,241,187,512,1,-1,-1,-1
381,-1,1120,189,246,693,1,-1,-1,-1
381,-1,373,235,178,517,1,-1,-1,-1
381,-1,788,216,179,537,1,-1,-1,-1
382,-1,1116,186,251,697,1,-1,-1,-1
382,-1,794,220,172,536,1,-1,-1,-1
382,-1,364,228,183,531,1,-1,-1,-1
383,-1,1110,183,247,684,1,-1,-1,-1
383,-1,796,223,172,526,1,-1,-1,-1
384,-1,1101,176,255,683,1,-1,-1,-1
384,-1,797,220,165,526,1,-1,-1,-1
385,-1,1099,181,260,685,1,-1,-1,-1
385,-1,800,228,169,501,1,-1,-1,-1
386,-1,1104,190,250,702,1,-1,-1,-1
386,-1,797,222,167,510,1,-1,-1,-1
386,-1,379,182,198,597,1,-1,-1,-1
387,-1,1103,187,252,701,1,-1,-1,-1
387,-1,360,182,226,601,1,-1,-1,-1
387,-1,794,221,165,516,1,-1,-1,-1
388,-1,1102,188,251,702,1,-1,-1,-1
388,-1,339,172,221,624,1,-1,-1,-1
388,-1,795,219,166,507,1,-1,-1,-1
389,-1,1106,186,250,697,1,-1,-1,-1
389,-1,350,167,205,630,1,-1,-1,-1
389,-1,793,214,164,519,1,-1,-1,-1
390,-1,1093,182,259,710,1,-1,-1,-1
390,-1,345,162,217,641,1,-1,-1,-1
390,-1,485,173,235,635,1,-1,-1,-1
390,-1,786,212,170,527,1,-1,-1,-1
391,-1,1085,180,269,721,1,-1,-1,-1
391,-1,338,165,202,638,1,-1,-1,-1
391,-1,786,216,167,526,1,-1,-1,-1
391,-1,475,179,248,621,1,-1,-1,-1
391,-1,142,319,42,90,1,-1,-1,-1
391,-1,255,321,42,80,1,-1,-1,-1
392,-1,1079,184,273,719,1,-1,-1,-1
392,-1,791,223,164,505,1,-1,-1,-1
392,-1,471,171,250,638,1,-1,-1,-1
392,-1,358,160,193,652,1,-1,-1,-1
392,-1,135,317,43,101,1,-1,-1,-1
393,-1,1074,186,277,719,1,-1,-1,-1
393,-1,792,218,162,522,1,-1,-1,-1
393,-1,367,161,186,650,1,-1,-1,-1
393,-1,469,173,243,632,1,-1,-1,-1
393,-1,131,320,43,89,1,-1,-1,-1
394,-1,1071,188,278,720,1,-1,-1,-1
394,-1,252,159,241,640,1,-1,-1,-1
394,-1,788,212,153,531,1,-1,-1,-1
394,-1,469,170,244,640,1,-1,-1,-1
394,-1,378,159,183,653,1,-1,-1,-1
395,-1,1071,183,278,725,1,-1,-1,-1
395,-1,243,163,250,642,1,-1,-1,-1
395,-1,781,218,166,528,1,-1,-1,-1
395,-1,377,161,205,650,1,-1,-1,-1
396,-1,1073,181,275,729,1,-1,-1,-1
396,-1,226,168,246,642,1,-1,-1,-1
396,-1,777,226,163,514,1,-1,-1,-1
396,-1,414,152,188,669,1,-1,-1,-1
397,-1,1068,183,280,728,1,-1,-1,-1
397,-1,221,155,244,652,1,-1,-1,-1
397,-1,428,140,199,679,1,-1,-1,-1
397,-1,777,224,160,512,1,-1,-1,-1
398,-1,1067,180,281,737,1,-1,-1,-1
398,-1,201,160,245,651,1,-1,-1,-1
398,-1,464,144,213,685,1,-1,-1,-1
398,-1,772,225,158,500,1,-1,-1,-1
399,-1,1063,178,282,746,1,-1,-1,-1
399,-1,180,150,252,673,1,-1,-1,-1
399,-1,449,126,235,716,1,-1,-1,-1
399,-1,766,221,163,490,1,-1,-1,-1
400,-1,1060,179,287,748,1,-1,-1,-1
400,-1,157,144,263,694,1,-1,-1,-1
400,-1,449,107,237,734,1,-1,-1,-1
400,-1,758,222,166,471,1,-1,-1,-1
401,-1,1069,183,280,746,1,-1,-1,-1
401,-1,155,151,245,699,1,-1,-1,-1
401,-1,432,108,248,738,1,-1,-1,-1
401,-1,762,221,160,509,1,-1,-1,-1
402,-1,1069,179,276,756,1,-1,-1,-1
402,-1,147,144,246,715,1,-1,-1,-1
402,-1,423,100,259,755,1,-1,-1,-1
402,-1,761,217,159,504,1,-1,-1,-1
403,-1,127,145,258,714,1,-1,-1,-1
403,-1,1074,172,278,756,1,-1,-1,-1
403,-1,408,97,266,768,1,-1,-1,-1
403,-1,755,214,163,511,1,-1,-1,-1
404,-1,1072,174,279,739,1,-1,-1,-1
404,-1,402,87,267,781,1,-1,-1,-1
404,-1,112,134,272,731,1,-1,-1,-1
404,-1,750,213,172,494,1,-1,-1,-1
405,-1,1080,182,268,733,1,-1,-1,-1
405,-1,397,82,264,790,1,-1,-1,-1
405,-1,97,125,283,758,1,-1,-1,-1
405,-1,748,214,169,490,1,-1,-1,-1
406,-1,1084,178,266,730,1,-1,-1,-1
406,-1,389,75,268,802,1,-1,-1,-1
406,-1,93,116,279,773,1,-1,-1,-1
406,-1,746,214,170,500,1,-1,-1,-1
407,-1,1085,178,271,721,1,-1,-1,-1
407,-1,387,69,269,830,1,-1,-1,-1
407,-1,73,109,298,800,1,-1,-1,-1
407,-1,743,214,172,514,1,-1,-1,-1
408,-1,1092,177,268,729,1,-1,-1,-1
408,-1,379,75,273,842,1,-1,-1,-1
408,-1,746,216,167,502,1,-1,-1,-1
408,-1,73,109,288,807,1,-1,-1,-1
409,-1,1089,176,275,738,1,-1,-1,-1
409,-1,384,76,274,851,1,-1,-1,-1
409,-1,751,223,164,508,1,-1,-1,-1
409,-1,14,89,332,847,1,-1,-1,-1
409,-1,1037,364,52,192,1,-1,-1,-1
410,-1,1090,176,278,741,1,-1,-1,-1
410,-1,379,75,282,851,1,-1,-1,-1
410,-1,752,230,162,518,1,-1,-1,-1
410,-1,12,87,338,847,1,-1,-1,-1
411,-1,1099,175,272,748,1,-1,-1,-1
411,-1,376,79,284,857,1,-1,-1,-1
411,-1,748,224,168,518,1,-1,-1,-1
411,-1,8,83,334,865,1,-1,-1,-1
412,-1,1103,172,270,752,1,-1,-1,-1
412,-1,353,61,313,908,1,-1,-1,-1
412,-1,751,230,166,505,1,-1,-1,-1
412,-1,0,76,338,879,1,-1,-1,-1
413,-1,1116,179,276,743,1,-1,-1,-1
413,-1,350,54,322,919,1,-1,-1,-1
413,-1,757,234,161,502,1,-1,-1,-1
413,-1,10,81,320,851,1,-1,-1,-1
414,-1,1118,177,273,750,1,-1,-1,-1
414,-1,324,46,334,945,1,-1,-1,-1
414,-1,766,239,158,493,1,-1,-1,-1
414,-1,7,78,309,861,1,-1,-1,-1
415,-1,311,37,348,947,1,-1,-1,-1
415,-1,1124,181,269,750,1,-1,-1,-1
415,-1,764,229,165,496,1,-1,-1,-1
415,-1,3,64,298,878,1,-1,-1,-1
416,-1,297,28,363,960,1,-1,-1,-1
416,-1,1137,177,254,772,1,-1,-1,-1
416,-1,760,223,167,503,1,-1,-1,-1
416,-1,1,53,287,904,1,-1,-1,-1
417,-1,1139,176,265,761,1,-1,-1,-1
417,-1,300,6,333,953,1,-1,-1,-1
417,-1,763,227,170,498,1,-1,-1,-1
417,-1,0,41,279,955,1,-1,-1,-1
418,-1,1134,176,271,766,1,-1,-1,-1
418,-1,276,0,361,963,1,-1,-1,-1
418,-1,767,224,166,507,1,-1,-1,-1
418,-1,0,28,269,930,1,-1,-1,-1
419,-1,1140,178,265,761,1,-1,-1,-1
419,-1,273,4,352,973,1,-1,-1,-1
419,-1,768,216,163,514,1,-1,-1,-1
419,-1,0,18,265,1010,1,-1,-1,-1
420,-1,1141,179,259,762,1,-1,-1,-1
420,-1,266,0,356,990,1,-1,-1,-1
420,-1,764,219,166,498,1,-1,-1,-1
420,-1,0,14,260,996,1,-1,-1,-1
421,-1,1135,173,267,765,1,-1,-1,-1
421,-1,759,221,172,489,1,-1,-1,-1
421,-1,0,16,251,989,1,-1,-1,-1
421,-1,251,19,378,1018,1,-1,-1,-1
422,-1,1136,171,266,758,1,-1,-1,-1
422,-1,757,224,168,468,1,-1,-1,-1
422,-1,923,241,125,393,1,-1,-1,-1
423,-1,1126,170,274,759,1,-1,-1,-1
423,-1,750,232,165,439,1,-1,-1,-1
423,-1,915,243,137,394,1,-1,-1,-1
424,-1,1112,169,291,751,1,-1,-1,-1
424,-1,910,235,144,413,1,-1,-1,-1
424,-1,656,339,65,196,1,-1,-1,-1
424,-1,750,228,165,458,1,-1,-1,-1
425,-1,1100,167,296,753,1,-1,-1,-1
425,-1,914,243,141,405,1,-1,-1,-1
425,-1,136,2,457,1078,1,-1,-1,-1
425,-1,746,220,167,514,1,-1,-1,-1
426,-1,1102,160,293,763,1,-1,-1,-1
426,-1,915,239,144,406,1,-1,-1,-1
427,-1,1089,165,304,762,1,-1,-1,-1
427,-1,910,234,149,422,1,-1,-1,-1
428,-1,1078,170,321,747,1,-1,-1,-1
428,-1,102,0,438,1060,1,-1,-1,-1
428,-1,904,234,150,423,1,-1,-1,-1
429,-1,1076,166,327,747,1,-1,-1,-1
429,-1,67,0,454,1065,1,-1,-1,-1
429,-1,895,248,151,415,1,-1,-1,-1
429,-1,719,248,162,452,1,-1,-1,-1
430,-1,1078,166,317,745,1,-1,-1,-1
430,-1,25,0,472,1064,1,-1,-1,-1
430,-1,897,225,147,436,1,-1,-1,-1
430,-1,713,233,161,444,1,-1,-1,-1
430,-1,1464,348,34,62,1,-1,-1,-1
431,-1,1070,166,328,751,1,-1,-1,-1
431,-1,9,0,488,1068,1,-1,-1,-1
431,-1,699,221,176,483,1,-1,-1,-1
431,-1,542,334,51,179,1,-1,-1,-1
432,-1,1071,164,327,748,1,-1,-1,-1
432,-1,1,0,494,1071,1,-1,-1,-1
432,-1,690,213,176,517,1,-1,-1,-1
432,-1,887,226,156,423,1,-1,-1,-1
433,-1,1074,162,322,759,1,-1,-1,-1
433,-1,1,0,489,1075,1,-1,-1,-1
433,-1,533,335,51,183,1,-1,-1,-1
433,-1,683,207,182,476,1,-1,-1,-1
434,-1,1071,162,328,754,1,-1,-1,-1
434,-1,1,0,481,1070,1,-1,-1,-1
434,-1,677,208,186,479,1,-1,-1,-1
435,-1,1071,163,336,759,1,-1,-1,-1
435,-1,4,0,457,1070,1,-1,-1,-1
435,-1,672,196,182,489,1,-1,-1,-1
436,-1,1076,155,335,769,1,-1,-1,-1
436,-1,668,200,179,462,1,-1,-1,-1
436,-1,7,0,428,1070,1,-1,-1,-1
437,-1,1077,154,332,765,1,-1,-1,-1
437,-1,674,191,169,459,1,-1,-1,-1
437,-1,7,0,432,1075,1,-1,-1,-1
438,-1,1090,146,327,771,1,-1,-1,-1
438,-1,675,197,160,426,1,-1,-1,-1
438,-1,9,0,399,1073,1,-1,-1,-1
439,-1,1107,145,314,778,1,-1,-1,-1
439,-1,665,201,174,423,1,-1,-1,-1
439,-1,8,0,388,1080,1,-1,-1,-1
440,-1,1111,145,318,776,1,-1,-1,-1
440,-1,653,203,193,466,1,-1,-1,-1
440,-1,6,0,382,1080,1,-1,-1,-1
441,-1,1119,144,313,786,1,-1,-1,-1
441,-1,656,208,189,422,1,-1,-1,-1
442,-1,1133,147,302,779,1,-1,-1,-1
442,-1,652,212,196,468,1,-1,-1,-1
442,-1,15,0,405,1080,1,-1,-1,-1
443,-1,1130,146,307,779,1,-1,-1,-1
443,-1,662,203,193,494,1,-1,-1,-1
443,-1,13,5,392,1074,1,-1,-1,-1
444,-1,1131,148,312,772,1,-1,-1,-1
444,-1,666,199,190,502,1,-1,-1,-1
445,-1,1158,154,286,763,1,-1,-1,-1
445,-1,665,202,196,498,1,-1,-1,-1
446,-1,1158,148,290,770,1,-1,-1,-1
446,-1,670,200,191,499,1,-1,-1,-1
447,-1,1164,145,289,787,1,-1,-1,-1
447,-1,688,208,181,445,1,-1,-1,-1
448,-1,1168,147,297,799,1,-1,-1,-1
449,-1,1169,150,293,791,1,-1,-1,-1
449,-1,699,221,172,462,1,-1,-1,-1
450,-1,1178,158,284,780,1,-1,-1,-1
450,-1,705,224,165,457,1,-1,-1,-1
451,-1,1176,162,294,789,1,-1,-1,-1
452,-1,773,213,128,347,1,-1,-1,-1
452,-1,1182,170,298,784,1,-1,-1,-1
452,-1,725,239,147,343,1,-1,-1,-1
453,-1,751,222,153,337,1,-1,-1,-1
454,-1,752,222,158,350,1,-1,-1,-1
454,-1,1180,170,345,840,1,-1,-1,-1
455,-1,744,218,172,383,1,-1,-1,-1
455,-1,1214,166,306,807,1,-1,-1,-1
456,-1,742,214,190,421,1,-1,-1,-1
456,-1,1212,158,312,818,1,-1,-1,-1
457,-1,1223,157,316,820,1,-1,-1,-1
457,-1,745,216,186,411,1,-1,-1,-1
458,-1,1213,164,328,810,1,-1,-1,-1
458,-1,754,219,180,396,1,-1,-1,-1
459,-1,1213,152,334,826,1,-1,-1,-1
459,-1,768,229,160,375,1,-1,-1,-1
460,-1,1207,147,349,818,1,-1,-1,-1
460,-1,770,210,163,398,1,-1,-1,-1
461,-1,1210,146,339,808,1,-1,-1,-1
461,-1,763,203,174,431,1,-1,-1,-1
462,-1,1206,152,354,784,1,-1,-1,-1
462,-1,770,199,178,479,1,-1,-1,-1
463,-1,1210,147,344,792,1,-1,-1,-1
463,-1,774,199,168,435,1,-1,-1,-1
464,-1,1209,143,346,787,1,-1,-1,-1
464,-1,775,198,170,426,1,-1,-1,-1
465,-1,1210,146,345,796,1,-1,-1,-1
465,-1,772,195,173,466,1,-1,-1,-1
465,-1,1127,296,77,212,1,-1,-1,-1
466,-1,1213,147,341,792,1,-1,-1,-1
466,-1,782,194,165,450,1,-1,-1,-1
466,-1,1124,295,76,213,1,-1,-1,-1
467,-1,1208,144,345,797,1,-1,-1,-1
467,-1,780,186,161,472,1,-1,-1,-1
467,-1,1681,317,48,89,1,-1,-1,-1
467,-1,742,207,81,360,1,-1,-1,-1
468,-1,1207,144,340,804,1,-1,-1,-1
468,-1,781,187,152,455,1,-1,-1,-1
469,-1,1202,149,345,810,1,-1,-1,-1
469,-1,779,179,164,473,1,-1,-1,-1
470,-1,1203,143,344,814,1,-1,-1,-1
470,-1,777,187,166,499,1,-1,-1,-1
470,-1,1119,294,74,224,1,-1,-1,-1
471,-1,1196,129,351,833,1,-1,-1,-1
471,-1,775,178,172,509,1,-1,-1,-1
472,-1,1195,147,353,814,1,-1,-1,-1
472,-1,764,182,184,507,1,-1,-1,-1
473,-1,1194,136,350,826,1,-1,-1,-1
473,-1,765,184,179,494,1,-1,-1,-1
473,-1,621,243,107,330,1,-1,-1,-1
474,-1,1201,137,346,838,1,-1,-1,-1
474,-1,764,185,183,498,1,-1,-1,-1
474,-1,1109,293,73,220,1,-1,-1,-1
475,-1,1177,126,368,852,1,-1,-1,-1
475,-1,772,183,181,507,1,-1,-1,-1
475,-1,624,244,102,334,1,-1,-1,-1
476,-1,1185,128,365,833,1,-1,-1,-1
476,-1,777,181,178,510,1,-1,-1,-1
477,-1,1201,141,348,803,1,-1,-1,-1
477,-1,783,181,174,507,1,-1,-1,-1
477,-1,630,247,102,335,1,-1,-1,-1
478,-1,1199,131,348,797,1,-1,-1,-1
478,-1,791,181,167,518,1,-1,-1,-1
478,-1,629,237,112,345,1,-1,-1,-1
479,-1,1207,132,339,788,1,-1,-1,-1
479,-1,792,180,162,513,1,-1,-1,-1
479,-1,627,235,115,350,1,-1,-1,-1
480,-1,1209,127,342,800,1,-1,-1,-1
480,-1,796,175,161,518,1,-1,-1,-1
480,-1,635,242,110,345,1,-1,-1,-1
481,-1,1202,125,352,810,1,-1,-1,-1
481,-1,797,185,161,506,1,-1,-1,-1
481,-1,625,237,124,363,1,-1,-1,-1
482,-1,1200,132,346,820,1,-1,-1,-1
482,-1,799,187,161,503,1,-1,-1,-1
482,-1,632,234,118,365,1,-1,-1,-1
483,-1,1208,136,348,830,1,-1,-1,-1
483,-1,801,187,162,503,1,-1,-1,-1
484,-1,1211,137,344,833,1,-1,-1,-1
484,-1,805,190,162,496,1,-1,-1,-1
484,-1,984,187,167,482,1,-1,-1,-1
485,-1,1212,145,340,825,1,-1,-1,-1
485,-1,808,195,163,475,1,-1,-1,-1
485,-1,978,190,167,467,1,-1,-1,-1
486,-1,1218,141,333,844,1,-1,-1,-1
486,-1,844,221,128,359,1,-1,-1,-1
487,-1,1224,141,332,854,1,-1,-1,-1
487,-1,888,198,120,390,1,-1,-1,-1
488,-1,1238,138,339,880,1,-1,-1,-1
488,-1,866,205,146,410,1,-1,-1,-1
488,-1,677,238,138,383,1,-1,-1,-1
489,-1,1245,150,327,862,1,-1,-1,-1
489,-1,676,224,147,401,1,-1,-1,-1
489,-1,870,206,145,413,1,-1,-1,-1
490,-1,1249,149,338,877,1,-1,-1,-1
490,-1,678,235,149,399,1,-1,-1,-1
490,-1,871,224,154,508,1,-1,-1,-1
491,-1,1243,153,347,877,1,-1,-1,-1
491,-1,686,232,137,403,1,-1,-1,-1
491,-1,866,222,157,509,1,-1,-1,-1
492,-1,1240,157,350,872,1,-1,-1,-1
492,-1,871,227,163,510,1,-1,-1,-1
492,-1,678,238,144,393,1,-1,-1,-1
493,-1,1240,153,345,880,1,-1,-1,-1
493,-1,668,225,155,416,1,-1,-1,-1
493,-1,869,234,168,511,1,-1,-1,-1
494,-1,1236,152,351,871,1,-1,-1,-1
494,-1,663,222,163,433,1,-1,-1,-1
494,-1,879,238,153,500,1,-1,-1,-1
495,-1,1237,159,349,854,1,-1,-1,-1
495,-1,881,235,154,505,1,-1,-1,-1
495,-1,661,230,160,434,1,-1,-1,-1
496,-1,1241,149,344,860,1,-1,-1,-1
496,-1,885,231,155,509,1,-1,-1,-1
496,-1,655,226,169,446,1,-1,-1,-1
497,-1,1236,155,345,841,1,-1,-1,-1
497,-1,887,228,156,505,1,-1,-1,-1
497,-1,654,232,162,434,1,-1,-1,-1
498,-1,1221,163,346,837,1,-1,-1,-1
498,-1,889,230,158,496,1,-1,-1,-1
498,-1,654,238,159,432,1,-1,-1,-1
499,-1,1231,165,336,846,1,-1,-1,-1
499,-1,889,229,157,502,1,-1,-1,-1
499,-1,660,240,153,426,1,-1,-1,-1
500,-1,1238,159,332,868,1,-1,-1,-1
500,-1,884,232,156,508,1,-1,-1,-1
501,-1,1244,159,330,867,1,-1,-1,-1
501,-1,879,218,166,531,1,-1,-1,-1
502,-1,1252,150,327,881,1,-1,-1,-1
502,-1,880,224,168,507,1,-1,-1,-1
503,-1,1251,146,316,877,1,-1,-1,-1
503,-1,878,219,162,511,1,-1,-1,-1
503,-1,596,187,166,506,1,-1,-1,-1
503,-1,1119,291,115,312,1,-1,-1,-1
504,-1,1257,143,307,894,1,-1,-1,-1
504,-1,866,227,175,508,1,-1,-1,-1
504,-1,1112,284,130,314,1,-1,-1,-1
504,-1,594,183,164,514,1,-1,-1,-1
505,-1,1251,145,321,891,1,-1,-1,-1
505,-1,861,220,180,503,1,-1,-1,-1
505,-1,1109,271,131,325,1,-1,-1,-1
505,-1,592,184,165,508,1,-1,-1,-1
506,-1,1250,138,316,896,1,-1,-1,-1
506,-1,860,229,178,497,1,-1,-1,-1
506,-1,1112,280,129,316,1,-1,-1,-1
506,-1,589,181,170,520,1,-1,-1,-1
507,-1,1257,134,313,881,1,-1,-1,-1
507,-1,857,230,181,494,1,-1,-1,-1
507,-1,1111,278,127,318,1,-1,-1,-1
507,-1,582,226,163,458,1,-1,-1,-1
508,-1,1261,119,301,900,1,-1,-1,-1
508,-1,864,233,166,488,1,-1,-1,-1
508,-1,1106,277,123,321,1,-1,-1,-1
509,-1,1241,125,318,888,1,-1,-1,-1
509,-1,860,223,175,498,1,-1,-1,-1
509,-1,1102,284,130,312,1,-1,-1,-1
509,-1,1679,329,50,84,1,-1,-1,-1
510,-1,1246,123,321,897,1,-1,-1,-1
510,-1,862,226,171,494,1,-1,-1,-1
510,-1,1100,286,130,302,1,-1,-1,-1
511,-1,1233,135,326,858,1,-1,-1,-1
511,-1,860,208,172,505,1,-1,-1,-1
511,-1,1104,290,126,293,1,-1,-1,-1
512,-1,1230,134,333,853,1,-1,-1,-1
512,-1,867,226,161,487,1,-1,-1,-1
512,-1,1108,291,111,290,1,-1,-1,-1
512,-1,1681,341,44,64,1,-1,-1,-1
513,-1,1235,115,318,860,1,-1,-1,-1
513,-1,866,221,156,479,1,-1,-1,-1
513,-1,1104,292,121,286,1,-1,-1,-1
514,-1,1229,104,323,871,1,-1,-1,-1
514,-1,871,222,156,470,1,-1,-1,-1
514,-1,1119,287,102,287,1,-1,-1,-1
515,-1,1231,92,335,883,1,-1,-1,-1
515,-1,864,224,158,466,1,-1,-1,-1
515,-1,1118,283,102,294,1,-1,-1,-1
516,-1,1223,92,339,873,1,-1,-1,-1
516,-1,869,188,159,505,1,-1,-1,-1
516,-1,1106,276,113,296,1,-1,-1,-1
517,-1,1222,73,343,896,1,-1,-1,-1
517,-1,875,196,152,489,1,-1,-1,-1
517,-1,1115,274,103,297,1,-1,-1,-1
518,-1,1230,83,334,888,1,-1,-1,-1
518,-1,868,192,155,491,1,-1,-1,-1
518,-1,1106,268,113,297,1,-1,-1,-1
519,-1,1229,84,327,897,1,-1,-1,-1
519,-1,869,190,148,486,1,-1,-1,-1
520,-1,1215,82,355,894,1,-1,-1,-1
520,-1,869,186,154,494,1,-1,-1,-1
520,-1,1117,269,108,295,1,-1,-1,-1
521,-1,1233,82,349,899,1,-1,-1,-1
521,-1,871,189,150,491,1,-1,-1,-1
521,-1,1128,271,99,293,1,-1,-1,-1
522,-1,1240,87,345,913,1,-1,-1,-1
522,-1,871,192,152,487,1,-1,-1,-1
522,-1,1121,270,102,293,1,-1,-1,-1
523,-1,1236,91,346,902,1,-1,-1,-1
523,-1,879,182,149,498,1,-1,-1,-1
523,-1,1124,265,105,298,1,-1,-1,-1
523,-1,1672,283,50,76,1,-1,-1,-1
523,-1,419,131,220,633,1,-1,-1,-1
524,-1,1243,84,325,912,1,-1,-1,-1
524,-1,884,187,147,495,1,-1,-1,-1
524,-1,1119,265,114,299,1,-1,-1,-1
524,-1,421,139,209,622,1,-1,-1,-1
525,-1,1253,81,314,930,1,-1,-1,-1
525,-1,881,183,153,501,1,-1,-1,-1
525,-1,1125,269,106,297,1,-1,-1,-1
526,-1,1260,80,313,929,1,-1,-1,-1
526,-1,1122,266,112,300,1,-1,-1,-1
526,-1,431,121,222,643,1,-1,-1,-1
526,-1,887,175,152,515,1,-1,-1,-1
527,-1,1264,82,320,917,1,-1,-1,-1
527,-1,430,126,210,650,1,-1,-1,-1
527,-1,1123,266,107,303,1,-1,-1,-1
528,-1,1265,100,320,898,1,-1,-1,-1
528,-1,419,128,231,658,1,-1,-1,-1
528,-1,1119,264,110,313,1,-1,-1,-1
528,-1,888,226,152,450,1,-1,-1,-1
529,-1,1265,84,336,912,1,-1,-1,-1
529,-1,431,140,225,662,1,-1,-1,-1
529,-1,1123,268,105,312,1,-1,-1,-1
529,-1,891,229,156,465,1,-1,-1,-1
530,-1,1268,82,334,909,1,-1,-1,-1
530,-1,434,130,229,680,1,-1,-1,-1
530,-1,1124,269,112,320,1,-1,-1,-1
530,-1,894,216,152,472,1,-1,-1,-1
531,-1,1276,88,337,897,1,-1,-1,-1
531,-1,440,135,228,689,1,-1,-1,-1
531,-1,1123,270,114,320,1,-1,-1,-1
531,-1,894,222,165,464,1,-1,-1,-1
532,-1,1281,105,328,884,1,-1,-1,-1
532,-1,436,150,234,682,1,-1,-1,-1
532,-1,1129,269,112,325,1,-1,-1,-1
532,-1,203,170,232,677,1,-1,-1,-1
532,-1,893,223,160,461,1,-1,-1,-1
533,-1,1272,80,347,931,1,-1,-1,-1
533,-1,436,161,250,676,1,-1,-1,-1
533,-1,176,182,250,664,1,-1,-1,-1
533,-1,1136,271,108,319,1,-1,-1,-1
533,-1,896,233,158,452,1,-1,-1,-1
534,-1,1275,78,354,930,1,-1,-1,-1
534,-1,173,180,250,689,1,-1,-1,-1
534,-1,432,158,249,693,1,-1,-1,-1
534,-1,1144,273,97,320,1,-1,-1,-1
534,-1,908,188,156,494,1,-1,-1,-1
535,-1,1283,75,358,951,1,-1,-1,-1
535,-1,171,187,251,691,1,-1,-1,-1
535,-1,420,145,251,715,1,-1,-1,-1
535,-1,1141,272,103,317,1,-1,-1,-1
535,-1,904,212,155,478,1,-1,-1,-1
536,-1,1272,52,377,943,1,-1,-1,-1
536,-1,387,130,274,734,1,-1,-1,-1
536,-1,166,192,247,690,1,-1,-1,-1
536,-1,1128,269,106,327,1,-1,-1,-1
536,-1,909,197,165,484,1,-1,-1,-1
537,-1,1281,69,374,950,1,-1,-1,-1
537,-1,158,174,247,721,1,-1,-1,-1
537,-1,363,96,287,784,1,-1,-1,-1
537,-1,1133,271,109,325,1,-1,-1,-1
538,-1,1276,65,393,976,1,-1,-1,-1
538,-1,335,66,313,820,1,-1,-1,-1
538,-1,151,100,231,802,1,-1,-1,-1
538,-1,1127,272,115,320,1,-1,-1,-1
539,-1,327,55,327,846,1,-1,-1,-1
539,-1,1277,63,384,982,1,-1,-1,-1
539,-1,138,124,232,769,1,-1,-1,-1
539,-1,1135,268,100,325,1,-1,-1,-1
540,-1,320,49,315,850,1,-1,-1,-1
540,-1,1278,64,392,986,1,-1,-1,-1
540,-1,113,108,244,795,1,-1,-1,-1
540,-1,1120,272,118,320,1,-1,-1,-1
540,-1,909,221,150,491,1,-1,-1,-1
541,-1,295,42,326,874,1,-1,-1,-1
541,-1,1280,76,398,979,1,-1,-1,-1
541,-1,1122,274,124,313,1,-1,-1,-1
541,-1,93,122,250,796,1,-1,-1,-1
541,-1,901,216,154,483,1,-1,-1,-1
542,-1,280,57,329,866,1,-1,-1,-1
542,-1,1283,74,387,974,1,-1,-1,-1
542,-1,1120,270,115,312,1,-1,-1,-1
542,-1,902,225,159,458,1,-1,-1,-1
543,-1,1287,79,394,961,1,-1,-1,-1
543,-1,252,29,340,877,1,-1,-1,-1
543,-1,1117,265,117,317,1,-1,-1,-1
543,-1,14,177,287,741,1,-1,-1,-1
544,-1,1288,78,401,972,1,-1,-1,-1
544,-1,1116,263,130,323,1,-1,-1,-1
544,-1,3,101,283,835,1,-1,-1,-1
544,-1,251,43,333,865,1,-1,-1,-1
544,-1,898,184,162,482,1,-1,-1,-1
545,-1,1297,78,387,967,1,-1,-1,-1
545,-1,1119,267,116,323,1,-1,-1,-1
545,-1,8,119,264,825,1,-1,-1,-1
545,-1,894,237,157,452,1,-1,-1,-1
546,-1,1118,271,118,323,1,-1,-1,-1
546,-1,1307,79,384,955,1,-1,-1,-1
546,-1,886,230,155,462,1,-1,-1,-1
546,-1,4,107,255,848,1,-1,-1,-1
547,-1,1289,68,392,958,1,-1,-1,-1
547,-1,185,5,315,942,1,-1,-1,-1
547,-1,1120,267,114,336,1,-1,-1,-1
547,-1,887,228,151,454,1,-1,-1,-1
548,-1,1292,65,369,940,1,-1,-1,-1
548,-1,157,0,319,964,1,-1,-1,-1
548,-1,1101,263,120,341,1,-1,-1,-1
548,-1,887,226,152,459,1,-1,-1,-1
549,-1,1280,56,391,976,1,-1,-1,-1
549,-1,126,0,347,966,1,-1,-1,-1
549,-1,884,223,155,474,1,-1,-1,-1
549,-1,1086,262,134,340,1,-1,-1,-1
550,-1,1281,55,372,967,1,-1,-1,-1
550,-1,99,4,366,952,1,-1,-1,-1
550,-1,1076,274,133,330,1,-1,-1,-1
550,-1,888,225,145,473,1,-1,-1,-1
550,-1,544,309,61,170,1,-1,-1,-1
551,-1,1280,49,372,990,1,-1,-1,-1
551,-1,88,0,359,1030,1,-1,-1,-1
551,-1,1073,276,137,330,1,-1,-1,-1
551,-1,881,231,143,468,1,-1,-1,-1
552,-1,1263,43,385,960,1,-1,-1,-1
552,-1,90,3,336,1011,1,-1,-1,-1
552,-1,1064,267,140,340,1,-1,-1,-1
553,-1,1266,42,382,958,1,-1,-1,-1
553,-1,7,26,366,1018,1,-1,-1,-1
553,-1,1068,268,134,345,1,-1,-1,-1
554,-1,1262,38,387,966,1,-1,-1,-1
554,-1,3,15,366,1045,1,-1,-1,-1
554,-1,1051,246,132,377,1,-1,-1,-1
555,-1,1272,46,364,995,1,-1,-1,-1
555,-1,5,11,355,1060,1,-1,-1,-1
555,-1,1642,296,73,137,1,-1,-1,-1
556,-1,1266,51,360,984,1,-1,-1,-1
556,-1,5,5,349,1070,1,-1,-1,-1
557,-1,1268,57,347,980,1,-1,-1,-1
558,-1,1275,57,348,990,1,-1,-1,-1
559,-1,1284,64,350,980,1,-1,-1,-1
560,-1,1282,65,340,942,1,-1,-1,-1
560,-1,1619,289,90,170,1,-1,-1,-1
561,-1,1285,64,343,959,1,-1,-1,-1
561,-1,1611,291,98,167,1,-1,-1,-1
562,-1,1289,64,336,986,1,-1,-1,-1
562,-1,1621,293,99,167,1,-1,-1,-1
563,-1,1307,75,328,946,1,-1,-1,-1
563,-1,859,193,160,486,1,-1,-1,-1
563,-1,1079,261,151,375,1,-1,-1,-1
563,-1,1647,296,86,165,1,-1,-1,-1
564,-1,1310,73,351,966,1,-1,-1,-1
564,-1,862,211,149,485,1,-1,-1,-1
565,-1,861,219,152,472,1,-1,-1,-1
565,-1,1319,73,350,968,1,-1,-1,-1
565,-1,1092,252,144,413,1,-1,-1,-1
566,-1,863,224,154,471,1,-1,-1,-1
566,-1,1743,293,74,153,1,-1,-1,-1
566,-1,1320,73,353,958,1,-1,-1,-1
566,-1,1213,322,114,339,1,-1,-1,-1
566,-1,1095,272,142,391,1,-1,-1,-1
567,-1,866,235,151,455,1,-1,-1,-1
567,-1,1729,288,87,175,1,-1,-1,-1
568,-1,870,233,149,473,1,-1,-1,-1
568,-1,1724,290,95,176,1,-1,-1,-1
568,-1,1119,265,133,382,1,-1,-1,-1
569,-1,878,231,142,493,1,-1,-1,-1
569,-1,1745,288,84,182,1,-1,-1,-1
570,-1,884,240,143,487,1,-1,-1,-1
570,-1,1747,292,94,185,1,-1,-1,-1
571,-1,896,237,135,505,1,-1,-1,-1
571,-1,1206,302,144,380,1,-1,-1,-1
571,-1,1748,296,84,182,1,-1,-1,-1
571,-1,1118,260,117,390,1,-1,-1,-1
572,-1,896,236,139,494,1,-1,-1,-1
572,-1,1754,298,85,187,1,-1,-1,-1
573,-1,895,235,147,501,1,-1,-1,-1
573,-1,1107,252,128,416,1,-1,-1,-1
574,-1,910,241,132,476,1,-1,-1,-1
574,-1,1116,290,118,373,1,-1,-1,-1
574,-1,1368,61,407,1010,1,-1,-1,-1
574,-1,610,337,70,208,1,-1,-1,-1
574,-1,1233,309,133,365,1,-1,-1,-1
575,-1,902,233,142,477,1,-1,-1,-1
575,-1,1371,66,412,1012,1,-1,-1,-1
575,-1,1118,258,120,404,1,-1,-1,-1
576,-1,903,240,144,467,1,-1,-1,-1
576,-1,1377,64,410,1016,1,-1,-1,-1
576,-1,1115,283,130,388,1,-1,-1,-1
577,-1,904,238,145,472,1,-1,-1,-1
577,-1,1384,62,415,1018,1,-1,-1,-1
577,-1,1116,282,131,387,1,-1,-1,-1
578,-1,1401,62,406,1018,1,-1,-1,-1
578,-1,907,236,142,481,1,-1,-1,-1
578,-1,1116,289,132,389,1,-1,-1,-1
578,-1,1295,320,130,345,1,-1,-1,-1
579,-1,1411,78,405,1002,1,-1,-1,-1
579,-1,902,246,144,485,1,-1,-1,-1
579,-1,1119,292,134,388,1,-1,-1,-1
579,-1,618,346,58,210,1,-1,-1,-1
580,-1,1407,74,414,1006,1,-1,-1,-1
580,-1,895,239,144,502,1,-1,-1,-1
580,-1,1127,293,126,378,1,-1,-1,-1
581,-1,1421,79,410,1001,1,-1,-1,-1
581,-1,903,236,138,506,1,-1,-1,-1
581,-1,1128,284,125,395,1,-1,-1,-1
582,-1,1432,84,408,996,1,-1,-1,-1
582,-1,909,242,129,491,1,-1,-1,-1
582,-1,1129,286,128,393,1,-1,-1,-1
583,-1,1440,77,409,995,1,-1,-1,-1
583,-1,903,244,128,495,1,-1,-1,-1
583,-1,1126,289,124,384,1,-1,-1,-1
584,-1,1433,74,412,1006,1,-1,-1,-1
584,-1,1124,291,125,386,1,-1,-1,-1
584,-1,910,260,122,476,1,-1,-1,-1
585,-1,1440,75,408,1005,1,-1,-1,-1
585,-1,885,243,140,500,1,-1,-1,-1
586,-1,1435,72,415,1008,1,-1,-1,-1
586,-1,1125,295,126,374,1,-1,-1,-1
586,-1,872,253,143,476,1,-1,-1,-1
587,-1,1438,69,413,1011,1,-1,-1,-1
587,-1,872,252,143,481,1,-1,-1,-1
588,-1,1447,79,387,1000,1,-1,-1,-1
588,-1,858,252,153,481,1,-1,-1,-1
588,-1,1129,255,133,422,1,-1,-1,-1
589,-1,1466,62,399,1018,1,-1,-1,-1
589,-1,860,254,151,476,1,-1,-1,-1
590,-1,1457,73,387,1007,1,-1,-1,-1
590,-1,854,247,151,482,1,-1,-1,-1
590,-1,1135,262,129,411,1,-1,-1,-1
591,-1,1454,71,393,1009,1,-1,-1,-1
591,-1,1132,255,129,419,1,-1,-1,-1
591,-1,863,255,143,462,1,-1,-1,-1
592,-1,1459,75,402,1005,1,-1,-1,-1
592,-1,832,252,145,445,1,-1,-1,-1
593,-1,1458,71,409,1005,1,-1,-1,-1
593,-1,838,256,131,432,1,-1,-1,-1
593,-1,1125,259,135,430,1,-1,-1,-1
594,-1,1467,71,392,1000,1,-1,-1,-1
594,-1,829,252,143,439,1,-1,-1,-1
595,-1,1479,72,380,1003,1,-1,-1,-1
595,-1,826,252,146,449,1,-1,-1,-1
596,-1,1486,71,373,999,1,-1,-1,-1
596,-1,819,252,147,449,1,-1,-1,-1
597,-1,1492,63,379,1010,1,-1,-1,-1
597,-1,816,252,151,454,1,-1,-1,-1
598,-1,1505,66,381,1010,1,-1,-1,-1
598,-1,814,256,155,469,1,-1,-1,-1
599,-1,1509,70,385,1009,1,-1,-1,-1
599,-1,816,261,158,470,1,-1,-1,-1
600,-1,1511,61,391,1012,1,-1,-1,-1
601,-1,1515,73,401,996,1,-1,-1,-1
602,-1,1521,52,396,1020,1,-1,-1,-1
603,-1,1525,58,392,1014,1,-1,-1,-1
603,-1,1206,305,115,377,1,-1,-1,-1
604,-1,1537,77,382,997,1,-1,-1,-1
604,-1,1203,301,122,380,1,-1,-1,-1
605,-1,1538,83,382,991,1,-1,-1,-1
605,-1,1206,299,128,397,1,-1,-1,-1
606,-1,1559,77,361,995,1,-1,-1,-1
606,-1,1206,302,138,395,1,-1,-1,-1
607,-1,1585,77,335,993,1,-1,-1,-1
607,-1,1217,308,132,394,1,-1,-1,-1
608,-1,1595,59,325,1016,1,-1,-1,-1
608,-1,1234,315,120,376,1,-1,-1,-1
609,-1,1599,56,321,1022,1,-1,-1,-1
609,-1,890,283,140,424,1,-1,-1,-1
609,-1,1232,315,125,385,1,-1,-1,-1
610,-1,1598,53,322,1021,1,-1,-1,-1
610,-1,889,279,145,454,1,-1,-1,-1
610,-1,1231,307,126,405,1,-1,-1,-1
611,-1,1253,305,156,399,1,-1,-1,-1
611,-1,1602,47,318,1033,1,-1,-1,-1
611,-1,904,279,130,438,1,-1,-1,-1
612,-1,1255,309,156,409,1,-1,-1,-1
612,-1,895,280,144,461,1,-1,-1,-1
613,-1,1264,301,148,410,1,-1,-1,-1
613,-1,911,291,126,438,1,-1,-1,-1
614,-1,1269,301,168,430,1,-1,-1,-1
614,-1,912,288,130,450,1,-1,-1,-1
615,-1,1274,310,169,421,1,-1,-1,-1
615,-1,912,294,135,444,1,-1,-1,-1
616,-1,1280,310,161,423,1,-1,-1,-1
616,-1,912,300,143,436,1,-1,-1,-1
617,-1,1290,310,147,431,1,-1,-1,-1
617,-1,903,302,147,446,1,-1,-1,-1
618,-1,1287,309,151,425,1,-1,-1,-1
618,-1,902,296,143,475,1,-1,-1,-1
619,-1,897,298,151,475,1,-1,-1,-1
619,-1,1281,312,151,428,1,-1,-1,-1
619,-1,1100,355,116,408,1,-1,-1,-1
620,-1,1280,310,158,433,1,-1,-1,-1
620,-1,896,296,147,497,1,-1,-1,-1
620,-1,1106,358,111,398,1,-1,-1,-1
621,-1,1281,309,160,440,1,-1,-1,-1
621,-1,1087,355,127,389,1,-1,-1,-1
621,-1,904,295,132,499,1,-1,-1,-1
622,-1,1282,308,168,460,1,-1,-1,-1
622,-1,896,295,130,486,1,-1,-1,-1
623,-1,1283,313,173,464,1,-1,-1,-1
623,-1,1076,347,135,398,1,-1,-1,-1
623,-1,895,298,130,463,1,-1,-1,-1
624,-1,1272,314,177,466,1,-1,-1,-1
624,-1,1097,358,113,379,1,-1,-1,-1
624,-1,889,300,133,464,1,-1,-1,-1
625,-1,1273,322,175,460,1,-1,-1,-1
626,-1,1274,321,172,454,1,-1,-1,-1
627,-1,1281,308,169,463,1,-1,-1,-1
627,-1,1669,213,249,867,1,-1,-1,-1
627,-1,1099,342,111,406,1,-1,-1,-1
628,-1,1250,310,191,465,1,-1,-1,-1
628,-1,521,379,111,318,1,-1,-1,-1
628,-1,868,297,138,429,1,-1,-1,-1
628,-1,1647,131,273,949,1,-1,-1,-1
629,-1,1267,320,173,456,1,-1,-1,-1
630,-1,1277,315,168,464,1,-1,-1,-1
631,-1,1281,313,162,466,1,-1,-1,-1
631,-1,845,311,133,435,1,-1,-1,-1
632,-1,1284,316,164,466,1,-1,-1,-1
632,-1,825,305,152,467,1,-1,-1,-1
632,-1,1090,342,122,413,1,-1,-1,-1
633,-1,828,308,145,463,1,-1,-1,-1
633,-1,1306,320,143,465,1,-1,-1,-1
634,-1,1283,314,162,472,1,-1,-1,-1
634,-1,826,310,149,471,1,-1,-1,-1
635,-1,1301,310,147,482,1,-1,-1,-1
636,-1,1304,307,152,490,1,-1,-1,-1
636,-1,522,387,101,306,1,-1,-1,-1
637,-1,1303,307,156,488,1,-1,-1,-1
637,-1,1100,338,125,428,1,-1,-1,-1
637,-1,523,385,101,316,1,-1,-1,-1
638,-1,1305,307,153,484,1,-1,-1,-1
638,-1,1111,336,117,429,1,-1,-1,-1
638,-1,521,382,103,325,1,-1,-1,-1
639,-1,1296,310,155,483,1,-1,-1,-1
639,-1,860,319,157,454,1,-1,-1,-1
639,-1,1113,337,127,434,1,-1,-1,-1
639,-1,519,385,107,322,1,-1,-1,-1
640,-1,868,318,147,453,1,-1,-1,-1
640,-1,523,389,103,318,1,-1,-1,-1
640,-1,1291,312,152,487,1,-1,-1,-1
641,-1,861,315,156,463,1,-1,-1,-1
641,-1,520,385,107,322,1,-1,-1,-1
641,-1,1297,310,152,497,1,-1,-1,-1
641,-1,1118,336,126,440,1,-1,-1,-1
642,-1,527,382,104,336,1,-1,-1,-1
642,-1,869,314,150,467,1,-1,-1,-1
643,-1,523,384,110,327,1,-1,-1,-1
643,-1,875,313,147,471,1,-1,-1,-1
644,-1,526,385,108,346,1,-1,-1,-1
644,-1,1373,305,164,488,1,-1,-1,-1
644,-1,886,316,134,451,1,-1,-1,-1
645,-1,1387,303,158,495,1,-1,-1,-1
645,-1,889,307,135,487,1,-1,-1,-1
645,-1,524,388,112,336,1,-1,-1,-1
646,-1,895,327,137,455,1,-1,-1,-1
646,-1,1374,303,170,520,1,-1,-1,-1
646,-1,1198,346,114,432,1,-1,-1,-1
647,-1,895,326,139,459,1,-1,-1,-1
647,-1,1384,304,170,526,1,-1,-1,-1
648,-1,894,327,142,472,1,-1,-1,-1
648,-1,1372,301,192,531,1,-1,-1,-1
649,-1,891,320,146,469,1,-1,-1,-1
649,-1,1377,299,193,525,1,-1,-1,-1
649,-1,531,390,106,336,1,-1,-1,-1
650,-1,890,318,150,483,1,-1,-1,-1
650,-1,1171,341,145,457,1,-1,-1,-1
650,-1,1401,302,170,516,1,-1,-1,-1
651,-1,897,322,145,473,1,-1,-1,-1
652,-1,898,323,146,479,1,-1,-1,-1
652,-1,1161,342,163,471,1,-1,-1,-1
653,-1,892,323,151,475,1,-1,-1,-1
653,-1,528,388,111,347,1,-1,-1,-1
653,-1,1158,341,166,489,1,-1,-1,-1
654,-1,886,317,153,478,1,-1,-1,-1
654,-1,528,382,116,357,1,-1,-1,-1
655,-1,888,321,145,467,1,-1,-1,-1
655,-1,524,381,114,357,1,-1,-1,-1
656,-1,874,320,163,476,1,-1,-1,-1
657,-1,874,326,165,458,1,-1,-1,-1
657,-1,1765,388,51,93,1,-1,-1,-1
658,-1,873,321,157,483,1,-1,-1,-1
658,-1,1764,392,57,93,1,-1,-1,-1
659,-1,870,320,164,464,1,-1,-1,-1
659,-1,1755,394,65,86,1,-1,-1,-1
659,-1,1344,285,226,575,1,-1,-1,-1
660,-1,867,319,166,462,1,-1,-1,-1
660,-1,1356,280,220,581,1,-1,-1,-1
660,-1,508,382,114,364,1,-1,-1,-1
660,-1,1754,394,71,87,1,-1,-1,-1
661,-1,504,382,115,366,1,-1,-1,-1
661,-1,1362,280,205,584,1,-1,-1,-1
661,-1,868,321,152,469,1,-1,-1,-1
662,-1,1363,278,201,589,1,-1,-1,-1
662,-1,1766,394,60,82,1,-1,-1,-1
662,-1,856,318,160,477,1,-1,-1,-1
663,-1,1353,271,210,604,1,-1,-1,-1
663,-1,1762,393,63,83,1,-1,-1,-1
663,-1,857,323,161,478,1,-1,-1,-1
664,-1,1353,276,198,600,1,-1,-1,-1
664,-1,1768,397,59,81,1,-1,-1,-1
664,-1,858,329,156,464,1,-1,-1,-1
665,-1,1348,276,209,607,1,-1,-1,-1
665,-1,1760,397,58,80,1,-1,-1,-1
665,-1,1116,293,179,596,1,-1,-1,-1
666,-1,1755,401,60,74,1,-1,-1,-1
666,-1,1359,274,182,610,1,-1,-1,-1
666,-1,1119,297,179,591,1,-1,-1,-1
667,-1,1128,295,179,600,1,-1,-1,-1
667,-1,1759,403,58,71,1,-1,-1,-1
668,-1,1119,291,185,611,1,-1,-1,-1
668,-1,1353,264,180,625,1,-1,-1,-1
669,-1,1128,290,178,618,1,-1,-1,-1
669,-1,1366,265,176,632,1,-1,-1,-1
669,-1,829,348,147,434,1,-1,-1,-1
670,-1,1123,288,187,619,1,-1,-1,-1
670,-1,1387,273,175,619,1,-1,-1,-1
670,-1,428,380,123,384,1,-1,-1,-1
670,-1,836,343,148,427,1,-1,-1,-1
671,-1,1133,280,189,632,1,-1,-1,-1
671,-1,1370,264,184,638,1,-1,-1,-1
671,-1,433,375,118,399,1,-1,-1,-1
672,-1,1130,276,192,652,1,-1,-1,-1
672,-1,1384,263,195,637,1,-1,-1,-1
672,-1,428,376,115,378,1,-1,-1,-1
673,-1,1146,275,177,654,1,-1,-1,-1
673,-1,1385,264,186,637,1,-1,-1,-1
674,-1,1122,268,200,666,1,-1,-1,-1
674,-1,1386,259,179,650,1,-1,-1,-1
675,-1,1131,271,199,670,1,-1,-1,-1
675,-1,1366,258,182,667,1,-1,-1,-1
676,-1,1122,271,205,674,1,-1,-1,-1
676,-1,1360,257,193,670,1,-1,-1,-1
677,-1,1115,258,210,687,1,-1,-1,-1
677,-1,1371,249,199,674,1,-1,-1,-1
678,-1,1111,265,217,680,1,-1,-1,-1
678,-1,1352,253,234,670,1,-1,-1,-1
678,-1,854,321,124,423,1,-1,-1,-1
679,-1,1115,255,222,699,1,-1,-1,-1
679,-1,1346,249,245,683,1,-1,-1,-1
679,-1,407,370,132,409,1,-1,-1,-1
680,-1,1109,257,234,703,1,-1,-1,-1
680,-1,1336,247,245,696,1,-1,-1,-1
681,-1,1103,242,247,725,1,-1,-1,-1
681,-1,1343,243,228,706,1,-1,-1,-1
681,-1,407,415,137,379,1,-1,-1,-1
682,-1,1104,235,256,752,1,-1,-1,-1
682,-1,1348,230,242,727,1,-1,-1,-1
682,-1,409,414,129,387,1,-1,-1,-1
683,-1,1106,223,261,789,1,-1,-1,-1
683,-1,1367,232,233,724,1,-1,-1,-1
683,-1,409,410,139,390,1,-1,-1,-1
684,-1,1111,222,266,812,1,-1,-1,-1
684,-1,1367,231,234,737,1,-1,-1,-1
684,-1,861,333,165,455,1,-1,-1,-1
685,-1,1125,225,271,814,1,-1,-1,-1
685,-1,1392,233,226,751,1,-1,-1,-1
685,-1,867,329,158,464,1,-1,-1,-1
686,-1,1132,222,270,836,1,-1,-1,-1
686,-1,1411,227,211,756,1,-1,-1,-1
687,-1,1139,223,279,830,1,-1,-1,-1
687,-1,1428,227,249,709,1,-1,-1,-1
687,-1,895,315,136,482,1,-1,-1,-1
688,-1,1140,216,292,839,1,-1,-1,-1
688,-1,1443,219,236,734,1,-1,-1,-1
688,-1,899,306,135,499,1,-1,-1,-1
689,-1,1129,193,317,867,1,-1,-1,-1
689,-1,1440,204,256,756,1,-1,-1,-1
689,-1,911,309,128,485,1,-1,-1,-1
690,-1,1449,188,276,776,1,-1,-1,-1
690,-1,1129,199,322,861,1,-1,-1,-1
690,-1,915,313,131,453,1,-1,-1,-1
691,-1,1448,175,284,772,1,-1,-1,-1
691,-1,1127,189,332,879,1,-1,-1,-1
691,-1,919,308,128,410,1,-1,-1,-1
692,-1,1464,176,288,782,1,-1,-1,-1
692,-1,1130,176,327,881,1,-1,-1,-1
692,-1,915,306,134,407,1,-1,-1,-1
693,-1,1481,168,282,794,1,-1,-1,-1
693,-1,910,295,143,432,1,-1,-1,-1
693,-1,1118,171,330,888,1,-1,-1,-1
694,-1,1485,158,307,830,1,-1,-1,-1
694,-1,1112,155,339,911,1,-1,-1,-1
694,-1,905,291,148,423,1,-1,-1,-1
695,-1,1507,162,284,843,1,-1,-1,-1
695,-1,1112,152,343,921,1,-1,-1,-1
695,-1,904,290,153,454,1,-1,-1,-1
696,-1,1491,140,326,913,1,-1,-1,-1
696,-1,903,290,149,436,1,-1,-1,-1
696,-1,1108,124,348,948,1,-1,-1,-1
697,-1,1494,134,328,902,1,-1,-1,-1
697,-1,903,295,148,414,1,-1,-1,-1
697,-1,1141,112,381,968,1,-1,-1,-1
698,-1,1496,112,332,925,1,-1,-1,-1
698,-1,906,295,145,422,1,-1,-1,-1
698,-1,1168,72,379,1008,1,-1,-1,-1
699,-1,1502,94,345,922,1,-1,-1,-1
699,-1,903,290,152,422,1,-1,-1,-1
699,-1,1164,67,376,1013,1,-1,-1,-1
700,-1,1164,46,379,1034,1,-1,-1,-1
700,-1,903,284,152,421,1,-1,-1,-1
700,-1,1506,87,387,981,1,-1,-1,-1
700,-1,411,351,149,419,1,-1,-1,-1
701,-1,1152,28,412,1052,1,-1,-1,-1
701,-1,906,283,148,417,1,-1,-1,-1
701,-1,1519,77,368,994,1,-1,-1,-1
702,-1,1134,36,445,1044,1,-1,-1,-1
702,-1,907,281,149,418,1,-1,-1,-1
702,-1,1509,75,323,938,1,-1,-1,-1
702,-1,404,352,147,406,1,-1,-1,-1
703,-1,1166,33,436,1047,1,-1,-1,-1
703,-1,907,278,150,426,1,-1,-1,-1
703,-1,1521,76,298,920,1,-1,-1,-1
703,-1,394,338,159,418,1,-1,-1,-1
704,-1,1180,22,417,1052,1,-1,-1,-1
704,-1,1524,60,283,931,1,-1,-1,-1
704,-1,906,277,145,418,1,-1,-1,-1
704,-1,386,339,163,418,1,-1,-1,-1
705,-1,1174,22,432,1058,1,-1,-1,-1
705,-1,1000,211,213,703,1,-1,-1,-1
706,-1,969,182,228,738,1,-1,-1,-1
706,-1,1184,19,439,1061,1,-1,-1,-1
706,-1,390,309,164,449,1,-1,-1,-1
706,-1,931,234,106,456,1,-1,-1,-1
706,-1,1595,22,302,1053,1,-1,-1,-1
707,-1,1174,2,486,1078,1,-1,-1,-1
707,-1,958,161,248,771,1,-1,-1,-1
707,-1,1590,12,312,1068,1,-1,-1,-1
708,-1,952,143,254,809,1,-1,-1,-1
708,-1,1180,0,506,1080,1,-1,-1,-1
709,-1,950,120,269,850,1,-1,-1,-1
709,-1,1187,3,521,1075,1,-1,-1,-1
710,-1,939,105,278,853,1,-1,-1,-1
710,-1,1196,6,514,1068,1,-1,-1,-1
711,-1,929,79,295,871,1,-1,-1,-1
711,-1,1235,12,562,1056,1,-1,-1,-1
712,-1,917,70,299,865,1,-1,-1,-1
712,-1,1249,11,580,1058,1,-1,-1,-1
713,-1,905,68,302,865,1,-1,-1,-1
713,-1,1270,8,594,1065,1,-1,-1,-1
714,-1,892,56,316,870,1,-1,-1,-1
714,-1,1287,7,626,1073,1,-1,-1,-1
715,-1,881,45,314,899,1,-1,-1,-1
715,-1,1298,0,614,1079,1,-1,-1,-1
716,-1,878,51,328,930,1,-1,-1,-1
716,-1,1318,7,599,1071,1,-1,-1,-1
717,-1,849,14,356,1040,1,-1,-1,-1
717,-1,1360,0,554,1080,1,-1,-1,-1
718,-1,847,9,348,1063,1,-1,-1,-1
718,-1,1359,0,548,1073,1,-1,-1,-1
719,-1,823,9,358,1056,1,-1,-1,-1
719,-1,1347,1,570,1070,1,-1,-1,-1
719,-1,1251,318,47,129,1,-1,-1,-1
720,-1,794,0,367,1079,1,-1,-1,-1
720,-1,1312,0,598,1079,1,-1,-1,-1
721,-1,778,2,354,1078,1,-1,-1,-1
721,-1,1316,0,596,1071,1,-1,-1,-1
722,-1,752,0,360,1080,1,-1,-1,-1
722,-1,1374,0,542,1061,1,-1,-1,-1
722,-1,1297,75,251,888,1,-1,-1,-1
723,-1,701,0,380,1076,1,-1,-1,-1
723,-1,1383,0,531,1059,1,-1,-1,-1
723,-1,1252,314,53,125,1,-1,-1,-1
723,-1,1284,121,189,508,1,-1,-1,-1
723,-1,1287,75,257,882,1,-1,-1,-1
724,-1,666,0,406,1080,1,-1,-1,-1
724,-1,1403,0,511,1059,1,-1,-1,-1
724,-1,1252,314,50,129,1,-1,-1,-1
724,-1,1274,113,243,811,1,-1,-1,-1
724,-1,1074,187,159,469,1,-1,-1,-1
725,-1,645,0,416,1080,1,-1,-1,-1
725,-1,1279,141,229,712,1,-1,-1,-1
726,-1,640,0,407,1080,1,-1,-1,-1
726,-1,1250,144,237,665,1,-1,-1,-1
726,-1,1371,0,542,1076,1,-1,-1,-1
727,-1,1213,144,220,653,1,-1,-1,-1
727,-1,534,7,548,1066,1,-1,-1,-1
728,-1,1165,136,293,659,1,-1,-1,-1
728,-1,499,30,573,976,1,-1,-1,-1
729,-1,1144,119,322,681,1,-1,-1,-1
730,-1,1111,122,365,672,1,-1,-1,-1
730,-1,927,177,144,468,1,-1,-1,-1
730,-1,449,0,506,1075,1,-1,-1,-1
730,-1,1474,289,29,60,1,-1,-1,-1
730,-1,1570,285,34,63,1,-1,-1,-1
731,-1,1088,101,390,696,1,-1,-1,-1
731,-1,912,187,154,420,1,-1,-1,-1
731,-1,384,3,546,1077,1,-1,-1,-1
731,-1,1481,280,34,70,1,-1,-1,-1
732,-1,1097,112,381,692,1,-1,-1,-1
732,-1,908,180,159,442,1,-1,-1,-1
732,-1,320,5,572,1074,1,-1,-1,-1
733,-1,1086,121,375,687,1,-1,-1,-1
733,-1,899,175,157,449,1,-1,-1,-1
733,-1,222,0,652,1073,1,-1,-1,-1
734,-1,1071,117,368,708,1,-1,-1,-1
734,-1,898,177,150,454,1,-1,-1,-1
734,-1,208,0,618,1078,1,-1,-1,-1
735,-1,1069,107,343,727,1,-1,-1,-1
735,-1,888,176,150,447,1,-1,-1,-1
735,-1,138,0,607,1080,1,-1,-1,-1
736,-1,1050,116,310,687,1,-1,-1,-1
736,-1,75,0,658,1080,1,-1,-1,-1
736,-1,880,160,152,475,1,-1,-1,-1
737,-1,1039,147,289,657,1,-1,-1,-1
737,-1,698,187,141,396,1,-1,-1,-1
737,-1,875,171,150,480,1,-1,-1,-1
737,-1,12,5,699,1070,1,-1,-1,-1
738,-1,701,189,130,392,1,-1,-1,-1
738,-1,18,0,645,1072,1,-1,-1,-1
739,-1,988,99,251,708,1,-1,-1,-1
739,-1,814,185,156,418,1,-1,-1,-1
739,-1,10,1,602,1069,1,-1,-1,-1
740,-1,816,181,142,418,1,-1,-1,-1
740,-1,972,100,233,695,1,-1,-1,-1
740,-1,618,187,129,363,1,-1,-1,-1
740,-1,5,0,566,1067,1,-1,-1,-1
740,-1,1444,283,50,69,1,-1,-1,-1
740,-1,1375,287,37,62,1,-1,-1,-1
741,-1,808,178,146,430,1,-1,-1,-1
741,-1,612,180,147,386,1,-1,-1,-1
741,-1,948,114,228,683,1,-1,-1,-1
741,-1,1369,286,32,63,1,-1,-1,-1
741,-1,8,4,542,1067,1,-1,-1,-1
742,-1,815,180,135,413,1,-1,-1,-1
742,-1,924,99,218,712,1,-1,-1,-1
742,-1,603,173,152,396,1,-1,-1,-1
742,-1,1374,282,30,66,1,-1,-1,-1
742,-1,1179,277,34,84,1,-1,-1,-1
743,-1,895,62,231,747,1,-1,-1,-1
743,-1,602,169,144,409,1,-1,-1,-1
743,-1,799,177,146,445,1,-1,-1,-1
743,-1,3,6,370,1066,1,-1,-1,-1
744,-1,863,69,255,748,1,-1,-1,-1
744,-1,572,167,148,393,1,-1,-1,-1
744,-1,1373,277,38,71,1,-1,-1,-1
745,-1,570,177,148,406,1,-1,-1,-1
745,-1,1374,277,36,74,1,-1,-1,-1
745,-1,827,112,232,697,1,-1,-1,-1
746,-1,789,96,268,724,1,-1,-1,-1
746,-1,1556,292,57,60,1,-1,-1,-1
746,-1,1371,279,33,69,1,-1,-1,-1
747,-1,706,60,344,773,1,-1,-1,-1
747,-1,509,163,164,494,1,-1,-1,-1
748,-1,692,56,360,773,1,-1,-1,-1
748,-1,1361,274,40,79,1,-1,-1,-1
748,-1,1287,281,39,73,1,-1,-1,-1
748,-1,508,168,155,489,1,-1,-1,-1
749,-1,671,53,371,786,1,-1,-1,-1
749,-1,493,158,167,487,1,-1,-1,-1
750,-1,652,62,370,778,1,-1,-1,-1
750,-1,481,167,170,498,1,-1,-1,-1
750,-1,1272,287,36,65,1,-1,-1,-1
751,-1,666,74,346,762,1,-1,-1,-1
751,-1,465,167,169,488,1,-1,-1,-1
751,-1,1267,288,32,64,1,-1,-1,-1
752,-1,678,81,296,780,1,-1,-1,-1
752,-1,461,165,175,504,1,-1,-1,-1
752,-1,1267,289,35,68,1,-1,-1,-1
753,-1,637,82,313,787,1,-1,-1,-1
753,-1,1019,250,84,330,1,-1,-1,-1
753,-1,1260,288,36,67,1,-1,-1,-1
754,-1,633,77,295,791,1,-1,-1,-1
754,-1,1261,288,38,69,1,-1,-1,-1
754,-1,1013,251,93,326,1,-1,-1,-1
755,-1,625,71,260,792,1,-1,-1,-1
755,-1,1254,289,40,66,1,-1,-1,-1
755,-1,1014,250,95,326,1,-1,-1,-1
755,-1,952,237,83,363,1,-1,-1,-1
755,-1,375,130,247,622,1,-1,-1,-1
756,-1,600,77,253,789,1,-1,-1,-1
756,-1,1254,291,39,63,1,-1,-1,-1
756,-1,1011,240,100,339,1,-1,-1,-1
757,-1,582,82,264,771,1,-1,-1,-1
757,-1,1012,246,97,343,1,-1,-1,-1
757,-1,1261,290,37,66,1,-1,-1,-1
758,-1,533,77,283,786,1,-1,-1,-1
758,-1,1013,252,97,343,1,-1,-1,-1
758,-1,1261,290,35,70,1,-1,-1,-1
758,-1,967,239,82,369,1,-1,-1,-1
759,-1,517,72,288,819,1,-1,-1,-1
759,-1,1011,249,102,347,1,-1,-1,-1
759,-1,1266,292,32,70,1,-1,-1,-1
759,-1,955,239,102,368,1,-1,-1,-1
760,-1,1005,247,110,359,1,-1,-1,-1
760,-1,473,78,305,821,1,-1,-1,-1
760,-1,1265,297,32,66,1,-1,-1,-1
761,-1,1009,255,111,351,1,-1,-1,-1
761,-1,386,91,308,751,1,-1,-1,-1
761,-1,1265,296,35,68,1,-1,-1,-1
761,-1,454,88,321,787,1,-1,-1,-1
762,-1,363,70,353,818,1,-1,-1,-1
762,-1,1016,251,109,355,1,-1,-1,-1
763,-1,348,74,373,835,1,-1,-1,-1
763,-1,1010,255,111,351,1,-1,-1,-1
764,-1,319,56,391,834,1,-1,-1,-1
764,-1,1009,243,115,378,1,-1,-1,-1
765,-1,316,50,396,859,1,-1,-1,-1
765,-1,1011,248,115,375,1,-1,-1,-1
765,-1,705,192,168,503,1,-1,-1,-1
766,-1,309,70,408,862,1,-1,-1,-1
766,-1,1015,246,116,375,1,-1,-1,-1
766,-1,706,195,164,484,1,-1,-1,-1
767,-1,298,59,411,882,1,-1,-1,-1
767,-1,1011,245,125,380,1,-1,-1,-1
767,-1,707,199,159,476,1,-1,-1,-1
768,-1,287,68,419,874,1,-1,-1,-1
768,-1,1007,242,138,383,1,-1,-1,-1
768,-1,709,197,154,479,1,-1,-1,-1
769,-1,299,56,392,899,1,-1,-1,-1
769,-1,1008,242,144,393,1,-1,-1,-1
769,-1,711,189,148,480,1,-1,-1,-1
770,-1,288,55,392,898,1,-1,-1,-1
770,-1,1006,248,162,385,1,-1,-1,-1
770,-1,714,182,142,490,1,-1,-1,-1
771,-1,270,77,396,883,1,-1,-1,-1
771,-1,1001,247,166,389,1,-1,-1,-1
771,-1,716,178,128,490,1,-1,-1,-1
772,-1,990,248,174,384,1,-1,-1,-1
772,-1,248,51,387,914,1,-1,-1,-1
772,-1,720,188,130,468,1,-1,-1,-1
772,-1,1561,330,47,50,1,-1,-1,-1
773,-1,988,251,171,382,1,-1,-1,-1
773,-1,621,260,110,350,1,-1,-1,-1
774,-1,978,252,174,383,1,-1,-1,-1
774,-1,612,241,118,371,1,-1,-1,-1
775,-1,974,232,179,404,1,-1,-1,-1
775,-1,148,0,363,967,1,-1,-1,-1
775,-1,713,187,124,451,1,-1,-1,-1
775,-1,613,240,121,365,1,-1,-1,-1
776,-1,972,241,171,388,1,-1,-1,-1
776,-1,130,8,342,944,1,-1,-1,-1
776,-1,610,239,120,367,1,-1,-1,-1
777,-1,974,235,157,399,1,-1,-1,-1
777,-1,124,0,318,957,1,-1,-1,-1
777,-1,402,42,227,786,1,-1,-1,-1
777,-1,602,245,127,366,1,-1,-1,-1
778,-1,966,234,157,406,1,-1,-1,-1
778,-1,376,32,241,803,1,-1,-1,-1
778,-1,110,0,309,944,1,-1,-1,-1
778,-1,1749,341,49,51,1,-1,-1,-1
779,-1,957,235,169,408,1,-1,-1,-1
779,-1,338,31,259,831,1,-1,-1,-1
779,-1,46,22,337,986,1,-1,-1,-1
779,-1,708,180,123,478,1,-1,-1,-1
780,-1,951,229,174,420,1,-1,-1,-1
780,-1,313,21,265,921,1,-1,-1,-1
780,-1,5,32,354,966,1,-1,-1,-1
781,-1,949,229,181,432,1,-1,-1,-1
781,-1,290,21,273,900,1,-1,-1,-1
781,-1,3,32,337,980,1,-1,-1,-1
782,-1,948,224,179,441,1,-1,-1,-1
782,-1,284,44,280,872,1,-1,-1,-1
782,-1,2,20,322,999,1,-1,-1,-1
783,-1,946,226,173,446,1,-1,-1,-1
783,-1,1,20,295,969,1,-1,-1,-1
783,-1,278,44,294,870,1,-1,-1,-1
784,-1,945,227,178,448,1,-1,-1,-1
785,-1,1079,192,168,446,1,-1,-1,-1
785,-1,944,222,176,460,1,-1,-1,-1
786,-1,947,214,174,467,1,-1,-1,-1
787,-1,942,227,184,447,1,-1,-1,-1
787,-1,1083,184,180,475,1,-1,-1,-1
788,-1,943,225,187,460,1,-1,-1,-1
788,-1,1075,188,185,476,1,-1,-1,-1
789,-1,952,231,180,467,1,-1,-1,-1
789,-1,168,7,352,947,1,-1,-1,-1
789,-1,1070,183,193,476,1,-1,-1,-1
790,-1,946,221,214,493,1,-1,-1,-1
791,-1,956,220,185,482,1,-1,-1,-1
792,-1,967,223,187,486,1,-1,-1,-1
794,-1,616,249,123,391,1,-1,-1,-1
795,-1,111,6,439,1074,1,-1,-1,-1
796,-1,605,251,133,390,1,-1,-1,-1
796,-1,100,10,448,1070,1,-1,-1,-1
797,-1,509,241,128,407,1,-1,-1,-1
797,-1,93,7,444,1073,1,-1,-1,-1
797,-1,594,250,136,405,1,-1,-1,-1
798,-1,70,0,461,1071,1,-1,-1,-1
798,-1,498,241,147,425,1,-1,-1,-1
799,-1,45,0,468,1074,1,-1,-1,-1
799,-1,1081,175,240,594,1,-1,-1,-1
800,-1,34,0,481,1059,1,-1,-1,-1
800,-1,1066,178,241,595,1,-1,-1,-1
801,-1,1062,182,265,600,1,-1,-1,-1
801,-1,8,0,504,1058,1,-1,-1,-1
801,-1,582,258,164,403,1,-1,-1,-1
802,-1,1068,186,255,613,1,-1,-1,-1
802,-1,21,1,483,1063,1,-1,-1,-1
802,-1,596,259,149,404,1,-1,-1,-1
803,-1,1067,189,272,621,1,-1,-1,-1
803,-1,5,8,528,1058,1,-1,-1,-1
804,-1,1076,171,267,654,1,-1,-1,-1
804,-1,3,10,524,1053,1,-1,-1,-1
804,-1,786,234,131,461,1,-1,-1,-1
805,-1,1088,174,259,652,1,-1,-1,-1
805,-1,1,3,502,1069,1,-1,-1,-1
806,-1,1093,167,257,680,1,-1,-1,-1
806,-1,3,0,459,1077,1,-1,-1,-1
806,-1,1263,164,223,674,1,-1,-1,-1
806,-1,378,30,206,734,1,-1,-1,-1
807,-1,1102,168,250,688,1,-1,-1,-1
807,-1,1262,160,216,677,1,-1,-1,-1
807,-1,5,0,446,1079,1,-1,-1,-1
808,-1,1088,167,260,689,1,-1,-1,-1
808,-1,1266,154,217,691,1,-1,-1,-1
808,-1,3,0,457,1076,1,-1,-1,-1
809,-1,1084,161,262,701,1,-1,-1,-1
809,-1,1268,144,216,708,1,-1,-1,-1
809,-1,1,0,468,1074,1,-1,-1,-1
810,-1,1086,154,265,712,1,-1,-1,-1
810,-1,1276,141,213,716,1,-1,-1,-1
810,-1,6,0,457,1076,1,-1,-1,-1
811,-1,1282,141,232,732,1,-1,-1,-1
811,-1,1091,155,245,718,1,-1,-1,-1
811,-1,16,0,475,1059,1,-1,-1,-1
812,-1,1293,135,237,764,1,-1,-1,-1
812,-1,1091,150,252,750,1,-1,-1,-1
812,-1,75,0,380,886,1,-1,-1,-1
813,-1,1091,145,254,758,1,-1,-1,-1
813,-1,1295,125,235,781,1,-1,-1,-1
813,-1,125,7,318,878,1,-1,-1,-1
813,-1,360,141,179,682,1,-1,-1,-1
814,-1,1094,143,264,782,1,-1,-1,-1
814,-1,1304,120,234,792,1,-1,-1,-1
814,-1,223,39,240,812,1,-1,-1,-1
815,-1,1086,130,281,816,1,-1,-1,-1
815,-1,253,72,244,785,1,-1,-1,-1
815,-1,1315,135,243,816,1,-1,-1,-1
816,-1,1084,141,297,827,1,-1,-1,-1
816,-1,227,54,258,822,1,-1,-1,-1
816,-1,1326,131,243,802,1,-1,-1,-1
817,-1,204,48,273,830,1,-1,-1,-1
817,-1,1087,132,322,894,1,-1,-1,-1
817,-1,1336,130,251,840,1,-1,-1,-1
818,-1,1096,126,322,911,1,-1,-1,-1
818,-1,192,56,279,848,1,-1,-1,-1
818,-1,1346,128,267,873,1,-1,-1,-1
818,-1,777,217,144,474,1,-1,-1,-1
819,-1,1091,107,338,945,1,-1,-1,-1
819,-1,167,31,306,908,1,-1,-1,-1
819,-1,1343,111,273,877,1,-1,-1,-1
820,-1,1104,127,330,931,1,-1,-1,-1
820,-1,164,27,298,940,1,-1,-1,-1
820,-1,1328,91,294,908,1,-1,-1,-1
821,-1,1115,114,322,918,1,-1,-1,-1
821,-1,154,24,305,958,1,-1,-1,-1
821,-1,1333,75,297,913,1,-1,-1,-1
821,-1,604,228,167,515,1,-1,-1,-1
822,-1,139,37,318,942,1,-1,-1,-1
822,-1,1125,98,314,958,1,-1,-1,-1
822,-1,1342,67,289,929,1,-1,-1,-1
822,-1,764,220,149,467,1,-1,-1,-1
822,-1,598,233,166,498,1,-1,-1,-1
823,-1,135,35,309,959,1,-1,-1,-1
823,-1,1128,79,315,979,1,-1,-1,-1
823,-1,1334,62,297,933,1,-1,-1,-1
823,-1,600,227,168,528,1,-1,-1,-1
823,-1,763,217,150,463,1,-1,-1,-1
824,-1,126,23,312,981,1,-1,-1,-1
824,-1,1155,61,323,1017,1,-1,-1,-1
824,-1,596,232,169,527,1,-1,-1,-1
825,-1,1158,45,338,1014,1,-1,-1,-1
825,-1,116,27,321,993,1,-1,-1,-1
825,-1,755,197,164,495,1,-1,-1,-1
826,-1,1177,29,332,1040,1,-1,-1,-1
826,-1,96,41,339,1021,1,-1,-1,-1
826,-1,755,199,164,485,1,-1,-1,-1
827,-1,86,15,349,1027,1,-1,-1,-1
827,-1,1181,35,369,1045,1,-1,-1,-1
827,-1,751,199,165,491,1,-1,-1,-1
827,-1,1434,0,284,1072,1,-1,-1,-1
828,-1,1183,38,444,1039,1,-1,-1,-1
828,-1,83,11,347,1050,1,-1,-1,-1
828,-1,1096,294,126,380,1,-1,-1,-1
828,-1,753,193,165,492,1,-1,-1,-1
829,-1,1163,29,497,1039,1,-1,-1,-1
829,-1,56,13,370,1051,1,-1,-1,-1
829,-1,747,198,172,491,1,-1,-1,-1
829,-1,1090,297,139,376,1,-1,-1,-1
829,-1,1466,0,293,901,1,-1,-1,-1
830,-1,30,10,398,1048,1,-1,-1,-1
830,-1,1163,33,504,1034,1,-1,-1,-1
830,-1,1091,298,141,388,1,-1,-1,-1
830,-1,398,184,204,661,1,-1,-1,-1
830,-1,909,196,160,468,1,-1,-1,-1
830,-1,751,202,169,488,1,-1,-1,-1
831,-1,12,12,413,1059,1,-1,-1,-1
831,-1,391,185,198,663,1,-1,-1,-1
831,-1,1150,33,537,1035,1,-1,-1,-1
831,-1,753,199,167,489,1,-1,-1,-1
831,-1,1092,295,144,408,1,-1,-1,-1
832,-1,8,10,419,1061,1,-1,-1,-1
832,-1,1143,9,626,1055,1,-1,-1,-1
832,-1,755,197,168,503,1,-1,-1,-1
832,-1,391,186,187,667,1,-1,-1,-1
832,-1,616,187,199,667,1,-1,-1,-1
833,-1,1112,18,725,1058,1,-1,-1,-1
833,-1,6,4,425,1067,1,-1,-1,-1
833,-1,610,195,199,661,1,-1,-1,-1
833,-1,397,186,178,674,1,-1,-1,-1
833,-1,765,222,159,449,1,-1,-1,-1
834,-1,1116,0,804,1057,1,-1,-1,-1
834,-1,6,1,429,1069,1,-1,-1,-1
834,-1,582,218,222,655,1,-1,-1,-1
834,-1,763,200,165,508,1,-1,-1,-1
834,-1,397,184,178,689,1,-1,-1,-1
835,-1,1122,7,765,1073,1,-1,-1,-1
835,-1,576,214,223,668,1,-1,-1,-1
835,-1,5,0,425,1073,1,-1,-1,-1
835,-1,775,206,158,480,1,-1,-1,-1
835,-1,388,187,192,702,1,-1,-1,-1
836,-1,573,216,214,666,1,-1,-1,-1
836,-1,1144,1,776,1067,1,-1,-1,-1
836,-1,4,3,426,1069,1,-1,-1,-1
836,-1,786,228,150,438,1,-1,-1,-1
836,-1,399,203,191,698,1,-1,-1,-1
837,-1,566,210,231,677,1,-1,-1,-1
837,-1,1188,2,732,1077,1,-1,-1,-1
837,-1,385,193,206,718,1,-1,-1,-1
837,-1,786,227,154,451,1,-1,-1,-1
837,-1,4,3,422,1068,1,-1,-1,-1
837,-1,1120,293,113,289,1,-1,-1,-1
838,-1,570,211,230,680,1,-1,-1,-1
838,-1,385,196,204,723,1,-1,-1,-1
838,-1,1262,0,658,1078,1,-1,-1,-1
838,-1,4,1,431,1068,1,-1,-1,-1
838,-1,797,224,149,454,1,-1,-1,-1
839,-1,569,207,225,688,1,-1,-1,-1
839,-1,394,190,201,739,1,-1,-1,-1
839,-1,803,227,149,443,1,-1,-1,-1
839,-1,1329,2,591,1078,1,-1,-1,-1
839,-1,2,0,432,1074,1,-1,-1,-1
839,-1,1141,288,104,311,1,-1,-1,-1
840,-1,566,198,232,706,1,-1,-1,-1
840,-1,1405,0,508,1073,1,-1,-1,-1
840,-1,380,185,212,771,1,-1,-1,-1
840,-1,1,4,434,1066,1,-1,-1,-1
840,-1,800,216,158,452,1,-1,-1,-1
840,-1,1140,289,102,312,1,-1,-1,-1
841,-1,564,198,239,702,1,-1,-1,-1
841,-1,371,192,215,764,1,-1,-1,-1
841,-1,1479,0,429,1063,1,-1,-1,-1
841,-1,3,1,429,1074,1,-1,-1,-1
841,-1,1147,284,101,309,1,-1,-1,-1
842,-1,573,190,237,726,1,-1,-1,-1
842,-1,367,177,220,786,1,-1,-1,-1
842,-1,4,3,421,1070,1,-1,-1,-1
842,-1,1558,0,351,1080,1,-1,-1,-1
842,-1,1141,279,99,312,1,-1,-1,-1
842,-1,1402,263,176,399,1,-1,-1,-1
843,-1,565,184,252,749,1,-1,-1,-1
843,-1,365,158,246,803,1,-1,-1,-1
843,-1,6,0,403,1070,1,-1,-1,-1
843,-1,1404,245,221,650,1,-1,-1,-1
844,-1,558,177,266,764,1,-1,-1,-1
844,-1,365,155,259,800,1,-1,-1,-1
844,-1,7,0,405,1064,1,-1,-1,-1
844,-1,1424,233,229,665,1,-1,-1,-1
845,-1,560,155,267,798,1,-1,-1,-1
845,-1,361,140,274,806,1,-1,-1,-1
845,-1,1431,230,251,710,1,-1,-1,-1
845,-1,5,0,396,1065,1,-1,-1,-1
846,-1,1436,211,255,742,1,-1,-1,-1
846,-1,562,156,267,784,1,-1,-1,-1
846,-1,344,119,299,845,1,-1,-1,-1
846,-1,7,0,358,1069,1,-1,-1,-1
847,-1,1456,194,246,775,1,-1,-1,-1
847,-1,558,146,274,806,1,-1,-1,-1
847,-1,340,105,288,872,1,-1,-1,-1
847,-1,1004,189,165,471,1,-1,-1,-1
848,-1,1467,189,244,777,1,-1,-1,-1
848,-1,576,137,259,818,1,-1,-1,-1
848,-1,312,96,304,871,1,-1,-1,-1
848,-1,1192,277,117,303,1,-1,-1,-1
849,-1,564,128,268,824,1,-1,-1,-1
849,-1,1497,186,231,775,1,-1,-1,-1
849,-1,309,91,295,878,1,-1,-1,-1
849,-1,1181,272,127,304,1,-1,-1,-1
850,-1,1503,182,251,803,1,-1,-1,-1
850,-1,554,126,291,850,1,-1,-1,-1
850,-1,290,94,311,896,1,-1,-1,-1
851,-1,532,118,306,872,1,-1,-1,-1
851,-1,1513,173,253,807,1,-1,-1,-1
851,-1,289,88,313,889,1,-1,-1,-1
851,-1,448,91,318,942,1,-1,-1,-1
852,-1,527,98,322,902,1,-1,-1,-1
852,-1,1523,169,273,836,1,-1,-1,-1
852,-1,431,66,329,979,1,-1,-1,-1
852,-1,278,76,331,925,1,-1,-1,-1
852,-1,1142,250,109,330,1,-1,-1,-1
853,-1,515,95,332,917,1,-1,-1,-1
853,-1,1535,160,275,862,1,-1,-1,-1
853,-1,269,86,339,885,1,-1,-1,-1
854,-1,514,76,335,936,1,-1,-1,-1
854,-1,1543,156,280,852,1,-1,-1,-1
855,-1,496,64,336,960,1,-1,-1,-1
855,-1,1539,133,295,856,1,-1,-1,-1
856,-1,478,60,342,935,1,-1,-1,-1
856,-1,1544,131,303,894,1,-1,-1,-1
857,-1,473,62,352,957,1,-1,-1,-1
857,-1,1537,120,337,940,1,-1,-1,-1
858,-1,470,58,355,975,1,-1,-1,-1
858,-1,1536,95,358,970,1,-1,-1,-1
859,-1,466,17,354,1063,1,-1,-1,-1
859,-1,1549,90,353,979,1,-1,-1,-1
859,-1,102,148,370,782,1,-1,-1,-1
859,-1,807,138,176,490,1,-1,-1,-1
860,-1,420,11,398,1069,1,-1,-1,-1
860,-1,1553,67,363,1003,1,-1,-1,-1
860,-1,801,139,173,472,1,-1,-1,-1
861,-1,417,6,412,1074,1,-1,-1,-1
861,-1,1561,37,354,1041,1,-1,-1,-1
861,-1,1139,221,109,311,1,-1,-1,-1
861,-1,802,133,167,495,1,-1,-1,-1
861,-1,28,23,420,1008,1,-1,-1,-1
862,-1,396,5,429,1075,1,-1,-1,-1
862,-1,1585,26,335,1054,1,-1,-1,-1
862,-1,802,129,165,492,1,-1,-1,-1
862,-1,6,39,433,998,1,-1,-1,-1
863,-1,395,2,430,1078,1,-1,-1,-1
863,-1,803,122,162,500,1,-1,-1,-1
863,-1,6,34,427,999,1,-1,-1,-1
864,-1,369,9,457,1071,1,-1,-1,-1
864,-1,803,123,161,493,1,-1,-1,-1
864,-1,5,34,414,1003,1,-1,-1,-1
864,-1,1607,4,313,1076,1,-1,-1,-1
865,-1,358,11,453,1069,1,-1,-1,-1
865,-1,796,123,166,504,1,-1,-1,-1
865,-1,8,10,402,1039,1,-1,-1,-1
866,-1,359,5,432,1075,1,-1,-1,-1
866,-1,797,127,165,493,1,-1,-1,-1
866,-1,8,9,376,1049,1,-1,-1,-1
866,-1,1144,212,108,326,1,-1,-1,-1
867,-1,356,1,432,1079,1,-1,-1,-1
867,-1,801,128,165,491,1,-1,-1,-1
867,-1,12,3,358,1069,1,-1,-1,-1
867,-1,1150,213,113,330,1,-1,-1,-1
868,-1,346,2,417,1078,1,-1,-1,-1
868,-1,800,160,159,440,1,-1,-1,-1
868,-1,1155,210,111,341,1,-1,-1,-1
868,-1,11,5,359,1073,1,-1,-1,-1
869,-1,280,0,465,1080,1,-1,-1,-1
869,-1,793,170,166,432,1,-1,-1,-1
869,-1,20,4,349,1076,1,-1,-1,-1
869,-1,1155,219,111,334,1,-1,-1,-1
870,-1,246,0,450,1080,1,-1,-1,-1
870,-1,792,168,168,442,1,-1,-1,-1
871,-1,785,175,175,435,1,-1,-1,-1
871,-1,226,0,462,1080,1,-1,-1,-1
872,-1,789,182,171,443,1,-1,-1,-1
872,-1,171,6,539,1074,1,-1,-1,-1
873,-1,785,182,175,448,1,-1,-1,-1
873,-1,156,19,541,1061,1,-1,-1,-1
874,-1,785,180,177,465,1,-1,-1,-1
874,-1,124,9,543,1071,1,-1,-1,-1
874,-1,1347,264,58,66,1,-1,-1,-1
875,-1,786,191,177,459,1,-1,-1,-1
875,-1,97,0,571,1080,1,-1,-1,-1
875,-1,598,140,173,497,1,-1,-1,-1
876,-1,788,189,174,452,1,-1,-1,-1
876,-1,592,139,177,492,1,-1,-1,-1
876,-1,16,4,637,1071,1,-1,-1,-1
877,-1,791,179,173,460,1,-1,-1,-1
877,-1,589,136,181,522,1,-1,-1,-1
877,-1,11,10,624,1070,1,-1,-1,-1
878,-1,797,170,167,468,1,-1,-1,-1
878,-1,13,0,581,1070,1,-1,-1,-1
878,-1,585,158,179,484,1,-1,-1,-1
879,-1,799,163,167,461,1,-1,-1,-1
879,-1,570,131,198,524,1,-1,-1,-1
879,-1,6,0,583,1072,1,-1,-1,-1
880,-1,799,166,166,461,1,-1,-1,-1
880,-1,4,0,557,1073,1,-1,-1,-1
881,-1,801,176,161,441,1,-1,-1,-1
881,-1,6,0,528,1076,1,-1,-1,-1
882,-1,804,178,164,445,1,-1,-1,-1
882,-1,9,0,514,1080,1,-1,-1,-1
882,-1,552,160,215,498,1,-1,-1,-1
883,-1,803,175,158,437,1,-1,-1,-1
883,-1,9,0,474,1071,1,-1,-1,-1
883,-1,566,216,186,435,1,-1,-1,-1
884,-1,493,128,298,535,1,-1,-1,-1
884,-1,8,0,443,1080,1,-1,-1,-1
884,-1,802,173,162,430,1,-1,-1,-1
885,-1,554,190,208,487,1,-1,-1,-1
885,-1,801,174,161,434,1,-1,-1,-1
885,-1,8,4,420,1070,1,-1,-1,-1
886,-1,544,210,188,452,1,-1,-1,-1
886,-1,800,174,162,438,1,-1,-1,-1
887,-1,787,176,170,459,1,-1,-1,-1
887,-1,567,223,154,450,1,-1,-1,-1
888,-1,781,165,166,463,1,-1,-1,-1
889,-1,433,102,292,572,1,-1,-1,-1
889,-1,763,168,174,478,1,-1,-1,-1
890,-1,459,219,189,462,1,-1,-1,-1
890,-1,749,187,171,458,1,-1,-1,-1
890,-1,1102,252,154,323,1,-1,-1,-1
891,-1,385,98,293,603,1,-1,-1,-1
891,-1,1119,251,130,324,1,-1,-1,-1
891,-1,750,187,167,465,1,-1,-1,-1
891,-1,1360,274,38,62,1,-1,-1,-1
892,-1,345,79,323,638,1,-1,-1,-1
893,-1,334,91,299,633,1,-1,-1,-1
893,-1,706,171,160,462,1,-1,-1,-1
894,-1,321,84,292,650,1,-1,-1,-1
894,-1,701,178,157,455,1,-1,-1,-1
894,-1,1114,250,128,329,1,-1,-1,-1
895,-1,290,66,313,667,1,-1,-1,-1
895,-1,693,189,165,448,1,-1,-1,-1
895,-1,1098,241,142,352,1,-1,-1,-1
895,-1,1284,287,41,63,1,-1,-1,-1
895,-1,1329,283,50,67,1,-1,-1,-1
896,-1,284,82,296,682,1,-1,-1,-1
896,-1,683,182,171,463,1,-1,-1,-1
896,-1,1098,247,146,346,1,-1,-1,-1
897,-1,261,82,311,688,1,-1,-1,-1
897,-1,675,192,175,460,1,-1,-1,-1
897,-1,1086,249,160,347,1,-1,-1,-1
897,-1,1271,297,41,56,1,-1,-1,-1
898,-1,232,62,349,704,1,-1,-1,-1
898,-1,668,193,182,469,1,-1,-1,-1
898,-1,1090,254,152,342,1,-1,-1,-1
899,-1,235,84,343,711,1,-1,-1,-1
899,-1,667,187,179,474,1,-1,-1,-1
899,-1,1091,254,146,348,1,-1,-1,-1
900,-1,1096,254,139,354,1,-1,-1,-1
900,-1,669,184,177,478,1,-1,-1,-1
900,-1,227,79,360,721,1,-1,-1,-1
