1,-1,1698,396,181,335,1,-1,-1,-1
1,-1,1248,528,61,129,1,-1,-1,-1
1,-1,1263,502,49,104,1,-1,-1,-1
2,-1,1700,390,173,342,1,-1,-1,-1
2,-1,1253,526,61,134,1,-1,-1,-1
3,-1,1702,395,166,338,1,-1,-1,-1
3,-1,1254,525,58,133,1,-1,-1,-1
4,-1,1693,392,166,340,1,-1,-1,-1
4,-1,1258,485,60,148,1,-1,-1,-1
4,-1,1321,467,61,177,1,-1,-1,-1
5,-1,1691,391,169,341,1,-1,-1,-1
5,-1,1322,464,61,179,1,-1,-1,-1
5,-1,1265,534,59,118,1,-1,-1,-1
6,-1,1695,410,160,320,1,-1,-1,-1
6,-1,1326,470,58,171,1,-1,-1,-1
6,-1,1265,526,59,127,1,-1,-1,-1
7,-1,1694,402,161,332,1,-1,-1,-1
7,-1,1324,462,63,180,1,-1,-1,-1
7,-1,2,228,136,699,1,-1,-1,-1
8,-1,1693,405,160,328,1,-1,-1,-1
8,-1,1320,457,68,188,1,-1,-1,-1
8,-1,1,223,142,700,1,-1,-1,-1
9,-1,1689,401,164,337,1,-1,-1,-1
9,-1,0,225,159,696,1,-1,-1,-1
10,-1,1686,406,165,331,1,-1,-1,-1
10,-1,0,224,168,697,1,-1,-1,-1
11,-1,1683,405,165,330,1,-1,-1,-1
11,-1,0,231,178,685,1,-1,-1,-1
11,-1,1324,460,68,185,1,-1,-1,-1
12,-1,1685,410,166,330,1,-1,-1,-1
12,-1,0,235,186,683,1,-1,-1,-1
12,-1,1318,458,71,191,1,-1,-1,-1
13,-1,1689,407,162,334,1,-1,-1,-1
13,-1,0,238,201,692,1,-1,-1,-1
13,-1,1320,464,71,185,1,-1,-1,-1
14,-1,1691,407,159,335,1,-1,-1,-1
14,-1,1,240,206,683,1,-1,-1,-1
14,-1,1332,468,61,181,1,-1,-1,-1
14,-1,1269,520,66,137,1,-1,-1,-1
15,-1,1322,466,69,184,1,-1,-1,-1
15,-1,1680,395,171,335,1,-1,-1,-1
15,-1,2,240,204,681,1,-1,-1,-1
16,-1,1677,394,173,333,1,-1,-1,-1
16,-1,1328,464,64,185,1,-1,-1,-1
16,-1,4,243,216,673,1,-1,-1,-1
17,-1,1325,467,69,185,1,-1,-1,-1
17,-1,1680,411,158,332,1,-1,-1,-1
17,-1,7,244,219,661,1,-1,-1,-1
18,-1,7,245,230,660,1,-1,-1,-1
18,-1,1320,466,75,187,1,-1,-1,-1
18,-1,1680,418,152,326,1,-1,-1,-1
19,-1,6,240,238,665,1,-1,-1,-1
19,-1,1320,462,78,191,1,-1,-1,-1
19,-1,1672,388,172,348,1,-1,-1,-1
20,-1,5,237,240,668,1,-1,-1,-1
20,-1,1326,460,77,191,1,-1,-1,-1
20,-1,1671,391,173,347,1,-1,-1,-1
21,-1,3,237,242,666,1,-1,-1,-1
21,-1,1327,462,76,190,1,-1,-1,-1
21,-1,1675,389,163,351,1,-1,-1,-1
22,-1,2,238,250,663,1,-1,-1,-1
22,-1,1326,465,78,184,1,-1,-1,-1
22,-1,1671,387,162,354,1,-1,-1,-1
23,-1,1,236,266,664,1,-1,-1,-1
23,-1,1667,387,162,353,1,-1,-1,-1
23,-1,1334,464,71,183,1,-1,-1,-1
24,-1,3,236,283,663,1,-1,-1,-1
24,-1,1335,464,72,181,1,-1,-1,-1
24,-1,1670,388,157,358,1,-1,-1,-1
25,-1,3,236,305,664,1,-1,-1,-1
25,-1,1338,463,71,185,1,-1,-1,-1
25,-1,1630,388,165,362,1,-1,-1,-1
26,-1,0,236,325,662,1,-1,-1,-1
26,-1,1341,464,73,183,1,-1,-1,-1
26,-1,1627,385,162,360,1,-1,-1,-1
26,-1,318,463,70,225,1,-1,-1,-1
27,-1,0,237,338,660,1,-1,-1,-1
27,-1,1626,381,162,363,1,-1,-1,-1
27,-1,1811,347,109,410,1,-1,-1,-1
27,-1,1341,462,72,187,1,-1,-1,-1
27,-1,329,472,71,199,1,-1,-1,-1
28,-1,0,233,355,669,1,-1,-1,-1
28,-1,1628,377,159,368,1,-1,-1,-1
28,-1,1340,463,71,189,1,-1,-1,-1
29,-1,0,228,366,677,1,-1,-1,-1
29,-1,1628,373,160,375,1,-1,-1,-1
29,-1,1338,465,71,187,1,-1,-1,-1
29,-1,1815,338,105,418,1,-1,-1,-1
30,-1,38,223,336,676,1,-1,-1,-1
30,-1,1336,466,77,187,1,-1,-1,-1
30,-1,1632,373,161,373,1,-1,-1,-1
31,-1,35,232,347,662,1,-1,-1,-1
31,-1,1336,465,80,186,1,-1,-1,-1
31,-1,1631,372,164,382,1,-1,-1,-1
32,-1,50,231,343,654,1,-1,-1,-1
32,-1,1335,466,78,185,1,-1,-1,-1
32,-1,1629,375,167,378,1,-1,-1,-1
32,-1,1805,308,115,489,1,-1,-1,-1
33,-1,51,234,354,651,1,-1,-1,-1
33,-1,1627,373,166,384,1,-1,-1,-1
33,-1,1334,466,79,188,1,-1,-1,-1
33,-1,1802,309,118,486,1,-1,-1,-1
34,-1,26,234,383,656,1,-1,-1,-1
34,-1,1625,371,165,389,1,-1,-1,-1
34,-1,1336,465,77,190,1,-1,-1,-1
34,-1,1803,306,117,495,1,-1,-1,-1
35,-1,5,245,429,645,1,-1,-1,-1
35,-1,1628,366,170,396,1,-1,-1,-1
35,-1,1338,464,75,190,1,-1,-1,-1
35,-1,1795,306,125,494,1,-1,-1,-1
36,-1,7,245,433,643,1,-1,-1,-1
36,-1,1624,366,172,401,1,-1,-1,-1
36,-1,1338,466,74,187,1,-1,-1,-1
36,-1,1793,306,127,495,1,-1,-1,-1
37,-1,11,251,431,644,1,-1,-1,-1
37,-1,1624,367,171,403,1,-1,-1,-1
37,-1,1339,468,77,184,1,-1,-1,-1
37,-1,1790,303,130,493,1,-1,-1,-1
38,-1,15,251,437,643,1,-1,-1,-1
38,-1,1616,370,170,399,1,-1,-1,-1
38,-1,1336,466,73,187,1,-1,-1,-1
38,-1,1787,299,133,498,1,-1,-1,-1
39,-1,27,254,446,638,1,-1,-1,-1
39,-1,1614,368,167,403,1,-1,-1,-1
39,-1,1338,466,78,187,1,-1,-1,-1
39,-1,1782,302,138,499,1,-1,-1,-1
40,-1,79,265,405,625,1,-1,-1,-1
40,-1,1614,371,168,400,1,-1,-1,-1
40,-1,1341,467,76,185,1,-1,-1,-1
40,-1,1783,302,137,500,1,-1,-1,-1
41,-1,128,261,372,624,1,-1,-1,-1
41,-1,1611,369,171,407,1,-1,-1,-1
41,-1,1341,467,75,185,1,-1,-1,-1
41,-1,1779,301,141,505,1,-1,-1,-1
42,-1,160,268,345,622,1,-1,-1,-1
42,-1,1613,370,171,407,1,-1,-1,-1
42,-1,1341,466,76,187,1,-1,-1,-1
42,-1,1775,302,145,507,1,-1,-1,-1
43,-1,221,266,298,626,1,-1,-1,-1
43,-1,1611,361,165,423,1,-1,-1,-1
43,-1,1340,466,79,188,1,-1,-1,-1
43,-1,1774,303,146,508,1,-1,-1,-1
44,-1,1335,468,79,187,1,-1,-1,-1
44,-1,1613,360,164,425,1,-1,-1,-1
44,-1,263,250,260,629,1,-1,-1,-1
44,-1,1776,303,144,513,1,-1,-1,-1
45,-1,279,235,253,642,1,-1,-1,-1
45,-1,1339,467,76,188,1,-1,-1,-1
45,-1,1612,360,162,425,1,-1,-1,-1
45,-1,1774,302,146,510,1,-1,-1,-1
46,-1,289,233,253,634,1,-1,-1,-1
46,-1,1340,467,75,188,1,-1,-1,-1
46,-1,1608,365,170,419,1,-1,-1,-1
46,-1,1773,302,147,512,1,-1,-1,-1
46,-1,1415,461,64,169,1,-1,-1,-1
47,-1,308,232,249,635,1,-1,-1,-1
47,-1,1610,360,170,426,1,-1,-1,-1
47,-1,1340,468,75,187,1,-1,-1,-1
47,-1,1774,296,146,516,1,-1,-1,-1
48,-1,1607,360,172,426,1,-1,-1,-1
48,-1,1342,467,72,188,1,-1,-1,-1
48,-1,334,245,237,621,1,-1,-1,-1
48,-1,1780,291,140,522,1,-1,-1,-1
48,-1,1417,461,63,169,1,-1,-1,-1
49,-1,1605,360,171,427,1,-1,-1,-1
49,-1,344,261,249,596,1,-1,-1,-1
49,-1,1346,466,71,188,1,-1,-1,-1
49,-1,1776,286,144,527,1,-1,-1,-1
49,-1,1424,459,60,169,1,-1,-1,-1
50,-1,1599,357,179,432,1,-1,-1,-1
50,-1,346,279,280,578,1,-1,-1,-1
50,-1,1342,467,72,186,1,-1,-1,-1
50,-1,1777,282,143,539,1,-1,-1,-1
51,-1,348,275,320,581,1,-1,-1,-1
51,-1,1597,366,182,426,1,-1,-1,-1
51,-1,1342,468,74,185,1,-1,-1,-1
52,-1,354,286,356,570,1,-1,-1,-1
52,-1,1599,361,172,435,1,-1,-1,-1
52,-1,1342,467,74,188,1,-1,-1,-1
53,-1,381,308,337,546,1,-1,-1,-1
53,-1,1590,361,187,430,1,-1,-1,-1
53,-1,1344,467,76,188,1,-1,-1,-1
54,-1,388,301,336,554,1,-1,-1,-1
54,-1,1586,359,188,437,1,-1,-1,-1
54,-1,1340,468,78,187,1,-1,-1,-1
55,-1,1581,363,182,432,1,-1,-1,-1
55,-1,392,321,330,534,1,-1,-1,-1
55,-1,1340,469,78,186,1,-1,-1,-1
56,-1,1576,365,190,419,1,-1,-1,-1
56,-1,1338,470,80,186,1,-1,-1,-1
56,-1,417,412,284,442,1,-1,-1,-1
57,-1,1578,356,180,440,1,-1,-1,-1
57,-1,1338,470,79,185,1,-1,-1,-1
57,-1,445,250,283,603,1,-1,-1,-1
58,-1,1573,356,183,435,1,-1,-1,-1
58,-1,1338,470,78,186,1,-1,-1,-1
58,-1,489,249,250,603,1,-1,-1,-1
59,-1,1563,351,190,445,1,-1,-1,-1
59,-1,1338,470,78,186,1,-1,-1,-1
59,-1,521,251,261,598,1,-1,-1,-1
60,-1,1563,346,192,454,1,-1,-1,-1
60,-1,1340,470,75,186,1,-1,-1,-1
60,-1,537,254,272,590,1,-1,-1,-1
61,-1,1340,471,76,186,1,-1,-1,-1
61,-1,1552,353,200,444,1,-1,-1,-1
61,-1,540,253,255,590,1,-1,-1,-1
62,-1,559,245,272,595,1,-1,-1,-1
62,-1,1341,470,75,186,1,-1,-1,-1
62,-1,1563,358,194,444,1,-1,-1,-1
62,-1,1515,365,179,446,1,-1,-1,-1
63,-1,564,246,297,605,1,-1,-1,-1
63,-1,1341,468,76,189,1,-1,-1,-1
63,-1,1503,361,197,445,1,-1,-1,-1
63,-1,1751,276,169,541,1,-1,-1,-1
64,-1,583,237,278,619,1,-1,-1,-1
64,-1,1341,468,77,190,1,-1,-1,-1
64,-1,1503,366,200,431,1,-1,-1,-1
65,-1,600,244,292,606,1,-1,-1,-1
65,-1,1340,468,75,190,1,-1,-1,-1
65,-1,1495,362,206,436,1,-1,-1,-1
65,-1,632,483,237,349,1,-1,-1,-1
66,-1,625,418,262,419,1,-1,-1,-1
66,-1,1341,467,76,190,1,-1,-1,-1
66,-1,1492,363,211,433,1,-1,-1,-1
67,-1,1340,466,78,191,1,-1,-1,-1
67,-1,623,288,288,556,1,-1,-1,-1
67,-1,1490,366,216,440,1,-1,-1,-1
68,-1,1343,466,77,191,1,-1,-1,-1
68,-1,634,276,302,566,1,-1,-1,-1
68,-1,1495,364,206,446,1,-1,-1,-1
69,-1,1341,466,78,192,1,-1,-1,-1
69,-1,1491,368,208,448,1,-1,-1,-1
70,-1,1337,467,79,190,1,-1,-1,-1
70,-1,1487,366,207,449,1,-1,-1,-1
71,-1,1487,369,206,440,1,-1,-1,-1
71,-1,1336,466,80,191,1,-1,-1,-1
71,-1,427,469,85,179,1,-1,-1,-1
72,-1,1485,368,207,451,1,-1,-1,-1
72,-1,1337,466,78,191,1,-1,-1,-1
72,-1,719,315,249,486,1,-1,-1,-1
72,-1,424,466,93,204,1,-1,-1,-1
72,-1,20,523,63,133,1,-1,-1,-1
73,-1,1337,466,77,192,1,-1,-1,-1
73,-1,1490,366,201,455,1,-1,-1,-1
73,-1,426,462,92,216,1,-1,-1,-1
73,-1,731,311,237,492,1,-1,-1,-1
74,-1,1339,465,75,194,1,-1,-1,-1
74,-1,1481,369,209,449,1,-1,-1,-1
74,-1,424,465,95,214,1,-1,-1,-1
74,-1,22,522,62,133,1,-1,-1,-1
75,-1,1336,468,77,190,1,-1,-1,-1
75,-1,1491,364,199,460,1,-1,-1,-1
75,-1,16,519,70,140,1,-1,-1,-1
75,-1,422,466,95,203,1,-1,-1,-1
75,-1,1682,277,213,525,1,-1,-1,-1
76,-1,1336,467,77,192,1,-1,-1,-1
76,-1,1492,364,194,456,1,-1,-1,-1
76,-1,423,462,95,211,1,-1,-1,-1
76,-1,17,518,73,145,1,-1,-1,-1
76,-1,1680,277,215,527,1,-1,-1,-1
77,-1,1339,467,73,191,1,-1,-1,-1
77,-1,16,515,74,160,1,-1,-1,-1
77,-1,1491,365,194,448,1,-1,-1,-1
77,-1,422,457,95,212,1,-1,-1,-1
77,-1,1683,278,209,531,1,-1,-1,-1
78,-1,1338,466,76,191,1,-1,-1,-1
78,-1,799,333,267,466,1,-1,-1,-1
78,-1,422,451,91,224,1,-1,-1,-1
78,-1,16,517,71,153,1,-1,-1,-1
78,-1,1491,357,193,460,1,-1,-1,-1
78,-1,334,479,62,141,1,-1,-1,-1
79,-1,809,324,260,465,1,-1,-1,-1
79,-1,1337,462,70,196,1,-1,-1,-1
79,-1,1488,365,198,442,1,-1,-1,-1
79,-1,17,516,71,163,1,-1,-1,-1
79,-1,425,451,87,227,1,-1,-1,-1
79,-1,1677,283,213,524,1,-1,-1,-1
80,-1,813,321,256,455,1,-1,-1,-1
80,-1,1341,463,66,192,1,-1,-1,-1
80,-1,1485,352,200,454,1,-1,-1,-1
80,-1,16,516,71,158,1,-1,-1,-1
80,-1,427,455,81,204,1,-1,-1,-1
80,-1,1677,285,211,515,1,-1,-1,-1
81,-1,801,335,268,471,1,-1,-1,-1
81,-1,1483,352,201,452,1,-1,-1,-1
81,-1,1340,464,70,190,1,-1,-1,-1
81,-1,15,516,74,164,1,-1,-1,-1
81,-1,426,451,85,223,1,-1,-1,-1
81,-1,324,474,69,147,1,-1,-1,-1
82,-1,1472,360,212,444,1,-1,-1,-1
82,-1,847,306,208,480,1,-1,-1,-1
82,-1,1343,464,69,191,1,-1,-1,-1
82,-1,16,515,74,165,1,-1,-1,-1
82,-1,1643,274,229,579,1,-1,-1,-1
82,-1,429,450,86,225,1,-1,-1,-1
83,-1,879,311,181,458,1,-1,-1,-1
83,-1,1478,354,207,451,1,-1,-1,-1
83,-1,1342,466,73,188,1,-1,-1,-1
83,-1,1637,271,232,582,1,-1,-1,-1
83,-1,17,514,74,162,1,-1,-1,-1
83,-1,435,457,75,202,1,-1,-1,-1
84,-1,1466,348,219,453,1,-1,-1,-1
84,-1,888,310,182,472,1,-1,-1,-1
84,-1,1337,467,74,185,1,-1,-1,-1
84,-1,1638,264,231,589,1,-1,-1,-1
84,-1,17,517,73,161,1,-1,-1,-1
84,-1,437,543,64,136,1,-1,-1,-1
85,-1,1452,344,232,460,1,-1,-1,-1
85,-1,1339,467,76,183,1,-1,-1,-1
85,-1,1635,263,235,585,1,-1,-1,-1
85,-1,914,300,173,475,1,-1,-1,-1
85,-1,15,515,75,164,1,-1,-1,-1
86,-1,1455,338,228,468,1,-1,-1,-1
86,-1,1343,468,72,182,1,-1,-1,-1
86,-1,1637,262,237,589,1,-1,-1,-1
86,-1,923,295,182,464,1,-1,-1,-1
86,-1,14,514,75,166,1,-1,-1,-1
86,-1,437,463,86,198,1,-1,-1,-1
87,-1,1452,339,226,481,1,-1,-1,-1
87,-1,934,296,183,478,1,-1,-1,-1
87,-1,1636,263,235,592,1,-1,-1,-1
87,-1,1345,468,75,186,1,-1,-1,-1
87,-1,436,463,79,194,1,-1,-1,-1
88,-1,936,306,203,474,1,-1,-1,-1
88,-1,1636,259,235,596,1,-1,-1,-1
88,-1,1348,472,81,181,1,-1,-1,-1
88,-1,1451,348,214,467,1,-1,-1,-1
88,-1,438,468,75,184,1,-1,-1,-1
89,-1,944,310,217,469,1,-1,-1,-1
89,-1,1635,262,230,594,1,-1,-1,-1
89,-1,1349,471,71,180,1,-1,-1,-1
89,-1,427,459,89,222,1,-1,-1,-1
89,-1,331,465,72,178,1,-1,-1,-1
89,-1,1454,348,210,458,1,-1,-1,-1
90,-1,959,313,209,470,1,-1,-1,-1
90,-1,1347,470,69,181,1,-1,-1,-1
90,-1,1634,257,227,601,1,-1,-1,-1
90,-1,11,519,76,169,1,-1,-1,-1
90,-1,1449,342,211,479,1,-1,-1,-1
90,-1,420,453,86,223,1,-1,-1,-1
91,-1,962,317,214,458,1,-1,-1,-1
91,-1,1344,474,75,179,1,-1,-1,-1
91,-1,1632,259,224,604,1,-1,-1,-1
91,-1,423,455,85,222,1,-1,-1,-1
91,-1,1456,343,201,462,1,-1,-1,-1
91,-1,12,517,74,177,1,-1,-1,-1
91,-1,336,461,71,182,1,-1,-1,-1
92,-1,1630,257,231,610,1,-1,-1,-1
92,-1,980,320,204,449,1,-1,-1,-1
92,-1,1337,470,75,175,1,-1,-1,-1
92,-1,424,450,83,229,1,-1,-1,-1
93,-1,990,320,206,441,1,-1,-1,-1
93,-1,1618,260,239,603,1,-1,-1,-1
93,-1,1333,473,75,175,1,-1,-1,-1
93,-1,327,461,79,165,1,-1,-1,-1
93,-1,14,517,71,182,1,-1,-1,-1
94,-1,1622,263,232,606,1,-1,-1,-1
94,-1,1332,475,77,174,1,-1,-1,-1
94,-1,1001,321,201,432,1,-1,-1,-1
94,-1,336,462,71,182,1,-1,-1,-1
94,-1,422,461,83,215,1,-1,-1,-1
94,-1,505,461,77,161,1,-1,-1,-1
94,-1,14,517,71,174,1,-1,-1,-1
95,-1,1612,261,235,616,1,-1,-1,-1
95,-1,1332,473,74,174,1,-1,-1,-1
95,-1,332,460,76,217,1,-1,-1,-1
95,-1,1008,325,186,421,1,-1,-1,-1
95,-1,498,459,83,172,1,-1,-1,-1
95,-1,12,518,71,170,1,-1,-1,-1
96,-1,1605,258,246,626,1,-1,-1,-1
96,-1,1017,326,184,430,1,-1,-1,-1
96,-1,15,518,65,176,1,-1,-1,-1
96,-1,1332,473,73,177,1,-1,-1,-1
96,-1,338,463,73,210,1,-1,-1,-1
96,-1,1378,303,254,562,1,-1,-1,-1
97,-1,1359,300,270,570,1,-1,-1,-1
97,-1,1603,262,250,624,1,-1,-1,-1
97,-1,335,460,80,222,1,-1,-1,-1
97,-1,1025,322,183,437,1,-1,-1,-1
97,-1,16,523,64,160,1,-1,-1,-1
98,-1,1036,315,189,450,1,-1,-1,-1
98,-1,1371,291,256,582,1,-1,-1,-1
98,-1,1597,245,232,637,1,-1,-1,-1
98,-1,334,458,82,221,1,-1,-1,-1
98,-1,16,519,66,171,1,-1,-1,-1
99,-1,1358,287,263,588,1,-1,-1,-1
99,-1,1045,312,181,468,1,-1,-1,-1
99,-1,1596,240,235,644,1,-1,-1,-1
99,-1,333,459,83,221,1,-1,-1,-1
100,-1,1604,238,238,645,1,-1,-1,-1
100,-1,1358,286,262,590,1,-1,-1,-1
100,-1,1051,313,165,442,1,-1,-1,-1
100,-1,333,458,79,213,1,-1,-1,-1
101,-1,1601,238,247,640,1,-1,-1,-1
101,-1,1069,309,167,449,1,-1,-1,-1
101,-1,1351,286,244,584,1,-1,-1,-1
101,-1,335,458,82,212,1,-1,-1,-1
102,-1,1599,234,242,642,1,-1,-1,-1
102,-1,1338,286,260,589,1,-1,-1,-1
102,-1,333,456,81,219,1,-1,-1,-1
103,-1,1605,232,230,651,1,-1,-1,-1
103,-1,1092,313,173,437,1,-1,-1,-1
103,-1,1351,289,230,588,1,-1,-1,-1
104,-1,1597,234,233,647,1,-1,-1,-1
104,-1,1337,287,232,594,1,-1,-1,-1
104,-1,1097,313,170,442,1,-1,-1,-1
105,-1,1579,236,239,645,1,-1,-1,-1
105,-1,1107,319,171,428,1,-1,-1,-1
105,-1,1321,291,224,592,1,-1,-1,-1
105,-1,337,459,78,194,1,-1,-1,-1
106,-1,1562,237,245,649,1,-1,-1,-1
106,-1,1311,289,239,598,1,-1,-1,-1
106,-1,1122,325,161,417,1,-1,-1,-1
106,-1,338,463,74,199,1,-1,-1,-1
107,-1,1559,235,239,657,1,-1,-1,-1
107,-1,1309,285,235,607,1,-1,-1,-1
108,-1,1555,239,229,658,1,-1,-1,-1
108,-1,1308,282,239,612,1,-1,-1,-1
108,-1,329,458,77,216,1,-1,-1,-1
108,-1,480,436,126,291,1,-1,-1,-1
109,-1,1554,238,219,660,1,-1,-1,-1
109,-1,1306,282,239,615,1,-1,-1,-1
109,-1,477,434,126,295,1,-1,-1,-1
110,-1,1542,235,227,664,1,-1,-1,-1
110,-1,1310,277,226,623,1,-1,-1,-1
110,-1,482,434,120,294,1,-1,-1,-1
111,-1,1535,242,237,657,1,-1,-1,-1
111,-1,1289,273,238,622,1,-1,-1,-1
111,-1,474,433,126,297,1,-1,-1,-1
112,-1,1530,237,235,668,1,-1,-1,-1
112,-1,1285,269,234,634,1,-1,-1,-1
112,-1,469,430,132,299,1,-1,-1,-1
113,-1,1517,237,234,684,1,-1,-1,-1
113,-1,1270,271,253,647,1,-1,-1,-1
113,-1,472,432,128,296,1,-1,-1,-1
113,-1,18,520,70,153,1,-1,-1,-1
114,-1,1509,238,233,690,1,-1,-1,-1
114,-1,1249,275,266,647,1,-1,-1,-1
115,-1,1505,238,228,696,1,-1,-1,-1
115,-1,1240,271,267,657,1,-1,-1,-1
116,-1,1498,229,231,701,1,-1,-1,-1
116,-1,1227,269,284,660,1,-1,-1,-1
117,-1,1496,225,239,711,1,-1,-1,-1
117,-1,1219,270,297,662,1,-1,-1,-1
118,-1,1491,213,239,727,1,-1,-1,-1
118,-1,1200,269,311,661,1,-1,-1,-1
118,-1,19,522,72,142,1,-1,-1,-1
119,-1,1486,198,252,749,1,-1,-1,-1
119,-1,1206,266,297,663,1,-1,-1,-1
119,-1,18,519,76,152,1,-1,-1,-1
120,-1,1477,206,262,738,1,-1,-1,-1
120,-1,1175,287,303,645,1,-1,-1,-1
120,-1,16,517,76,158,1,-1,-1,-1
120,-1,444,431,113,295,1,-1,-1,-1
121,-1,1469,172,276,778,1,-1,-1,-1
121,-1,1169,290,298,642,1,-1,-1,-1
121,-1,446,431,113,296,1,-1,-1,-1
121,-1,16,521,74,152,1,-1,-1,-1
122,-1,1470,158,270,791,1,-1,-1,-1
122,-1,1162,289,298,645,1,-1,-1,-1
122,-1,446,428,113,301,1,-1,-1,-1
122,-1,18,525,73,149,1,-1,-1,-1
123,-1,1460,163,280,785,1,-1,-1,-1
123,-1,1155,284,297,647,1,-1,-1,-1
123,-1,443,434,108,292,1,-1,-1,-1
123,-1,116,516,67,173,1,-1,-1,-1
124,-1,1451,157,289,789,1,-1,-1,-1
124,-1,1144,292,306,641,1,-1,-1,-1
124,-1,436,433,112,294,1,-1,-1,-1
125,-1,1448,157,286,787,1,-1,-1,-1
125,-1,1148,285,297,650,1,-1,-1,-1
125,-1,434,433,110,294,1,-1,-1,-1
125,-1,19,531,66,136,1,-1,-1,-1
126,-1,1447,159,281,789,1,-1,-1,-1
126,-1,1136,283,302,663,1,-1,-1,-1
126,-1,435,428,108,299,1,-1,-1,-1
127,-1,1448,165,273,788,1,-1,-1,-1
127,-1,1147,273,270,675,1,-1,-1,-1
127,-1,426,432,102,295,1,-1,-1,-1
128,-1,1413,165,288,804,1,-1,-1,-1
128,-1,1134,271,277,689,1,-1,-1,-1
128,-1,421,425,103,304,1,-1,-1,-1
128,-1,15,529,72,136,1,-1,-1,-1
129,-1,1401,162,298,815,1,-1,-1,-1
129,-1,1141,263,270,705,1,-1,-1,-1
129,-1,14,523,73,151,1,-1,-1,-1
129,-1,422,425,104,305,1,-1,-1,-1
130,-1,1149,253,261,716,1,-1,-1,-1
130,-1,1395,165,309,810,1,-1,-1,-1
130,-1,424,421,110,309,1,-1,-1,-1
130,-1,15,525,74,147,1,-1,-1,-1
131,-1,1148,251,255,716,1,-1,-1,-1
131,-1,13,529,70,143,1,-1,-1,-1
131,-1,1379,187,290,793,1,-1,-1,-1
132,-1,1139,257,264,720,1,-1,-1,-1
132,-1,1386,192,277,792,1,-1,-1,-1
132,-1,115,524,68,167,1,-1,-1,-1
132,-1,16,525,70,139,1,-1,-1,-1
133,-1,1129,262,254,725,1,-1,-1,-1
133,-1,1378,191,275,794,1,-1,-1,-1
134,-1,1123,265,264,738,1,-1,-1,-1
134,-1,1375,187,278,802,1,-1,-1,-1
134,-1,318,429,107,304,1,-1,-1,-1
135,-1,1110,268,264,741,1,-1,-1,-1
135,-1,1370,182,277,808,1,-1,-1,-1
135,-1,321,426,110,308,1,-1,-1,-1
136,-1,1096,246,273,771,1,-1,-1,-1
136,-1,1351,150,301,867,1,-1,-1,-1
137,-1,1343,142,307,877,1,-1,-1,-1
137,-1,1086,239,280,778,1,-1,-1,-1
137,-1,2,420,139,485,1,-1,-1,-1
138,-1,1333,161,306,832,1,-1,-1,-1
138,-1,1065,239,305,776,1,-1,-1,-1
138,-1,5,415,164,493,1,-1,-1,-1
138,-1,316,429,116,302,1,-1,-1,-1
139,-1,1322,144,307,852,1,-1,-1,-1
139,-1,1056,234,311,782,1,-1,-1,-1
140,-1,1318,142,301,855,1,-1,-1,-1
140,-1,1039,246,310,754,1,-1,-1,-1
140,-1,5,271,205,655,1,-1,-1,-1
140,-1,433,414,112,319,1,-1,-1,-1
141,-1,1313,139,291,868,1,-1,-1,-1
141,-1,1025,229,325,776,1,-1,-1,-1
141,-1,6,275,214,653,1,-1,-1,-1
141,-1,319,425,114,308,1,-1,-1,-1
142,-1,1300,134,289,870,1,-1,-1,-1
142,-1,7,281,221,644,1,-1,-1,-1
142,-1,997,226,360,758,1,-1,-1,-1
142,-1,315,427,116,307,1,-1,-1,-1
142,-1,437,420,105,311,1,-1,-1,-1
143,-1,1291,130,287,894,1,-1,-1,-1
143,-1,8,291,230,632,1,-1,-1,-1
143,-1,316,428,113,305,1,-1,-1,-1
143,-1,1017,234,317,774,1,-1,-1,-1
143,-1,436,422,95,311,1,-1,-1,-1
144,-1,1277,128,294,906,1,-1,-1,-1
144,-1,13,295,234,622,1,-1,-1,-1
144,-1,316,429,115,304,1,-1,-1,-1
144,-1,1013,228,323,780,1,-1,-1,-1
144,-1,436,424,98,308,1,-1,-1,-1
145,-1,1260,131,311,923,1,-1,-1,-1
145,-1,12,287,235,619,1,-1,-1,-1
145,-1,316,431,117,305,1,-1,-1,-1
145,-1,968,228,358,799,1,-1,-1,-1
145,-1,427,422,101,315,1,-1,-1,-1
146,-1,1247,136,313,925,1,-1,-1,-1
146,-1,948,229,365,812,1,-1,-1,-1
146,-1,36,283,219,635,1,-1,-1,-1
146,-1,318,432,118,308,1,-1,-1,-1
146,-1,427,424,103,312,1,-1,-1,-1
147,-1,1247,130,301,928,1,-1,-1,-1
147,-1,952,228,347,818,1,-1,-1,-1
147,-1,32,291,227,620,1,-1,-1,-1
147,-1,318,432,119,309,1,-1,-1,-1
148,-1,1242,134,311,931,1,-1,-1,-1
148,-1,949,223,323,830,1,-1,-1,-1
148,-1,22,293,249,613,1,-1,-1,-1
148,-1,313,422,117,321,1,-1,-1,-1
148,-1,437,418,106,318,1,-1,-1,-1
148,-1,464,405,132,321,1,-1,-1,-1
149,-1,945,223,324,831,1,-1,-1,-1
149,-1,1243,131,309,928,1,-1,-1,-1
149,-1,16,289,310,624,1,-1,-1,-1
149,-1,314,420,121,319,1,-1,-1,-1
149,-1,469,400,128,321,1,-1,-1,-1
150,-1,57,299,330,614,1,-1,-1,-1
150,-1,935,229,325,832,1,-1,-1,-1
150,-1,1235,127,318,948,1,-1,-1,-1
150,-1,319,421,117,321,1,-1,-1,-1
150,-1,461,402,135,319,1,-1,-1,-1
151,-1,41,326,388,576,1,-1,-1,-1
151,-1,901,239,323,825,1,-1,-1,-1
151,-1,1223,123,326,933,1,-1,-1,-1
151,-1,462,394,135,334,1,-1,-1,-1
151,-1,308,417,134,339,1,-1,-1,-1
152,-1,50,308,395,591,1,-1,-1,-1
152,-1,884,229,348,834,1,-1,-1,-1
152,-1,1212,109,335,927,1,-1,-1,-1
152,-1,473,391,126,337,1,-1,-1,-1
153,-1,93,316,371,588,1,-1,-1,-1
153,-1,859,226,348,848,1,-1,-1,-1
153,-1,1227,87,310,968,1,-1,-1,-1
153,-1,471,389,129,346,1,-1,-1,-1
154,-1,113,306,349,602,1,-1,-1,-1
154,-1,853,224,341,852,1,-1,-1,-1
154,-1,1212,85,316,978,1,-1,-1,-1
154,-1,470,389,128,338,1,-1,-1,-1
154,-1,454,394,107,323,1,-1,-1,-1
155,-1,127,307,326,598,1,-1,-1,-1
155,-1,827,223,369,851,1,-1,-1,-1
155,-1,1208,81,323,982,1,-1,-1,-1
155,-1,475,389,129,340,1,-1,-1,-1
155,-1,453,390,112,331,1,-1,-1,-1
156,-1,163,323,274,572,1,-1,-1,-1
156,-1,779,250,399,830,1,-1,-1,-1
156,-1,1182,74,330,995,1,-1,-1,-1
156,-1,474,385,132,351,1,-1,-1,-1
157,-1,159,324,280,567,1,-1,-1,-1
157,-1,1163,64,340,1007,1,-1,-1,-1
157,-1,762,251,406,829,1,-1,-1,-1
157,-1,472,387,135,352,1,-1,-1,-1
158,-1,155,322,291,568,1,-1,-1,-1
158,-1,1152,46,342,1025,1,-1,-1,-1
158,-1,750,261,413,819,1,-1,-1,-1
158,-1,479,388,130,355,1,-1,-1,-1
159,-1,144,334,306,554,1,-1,-1,-1
159,-1,1142,55,343,1017,1,-1,-1,-1
159,-1,768,254,400,826,1,-1,-1,-1
159,-1,482,386,134,357,1,-1,-1,-1
159,-1,142,424,224,444,1,-1,-1,-1
160,-1,135,312,341,580,1,-1,-1,-1
160,-1,1137,50,347,1024,1,-1,-1,-1
160,-1,487,386,130,355,1,-1,-1,-1
160,-1,753,224,395,849,1,-1,-1,-1
161,-1,1128,56,342,1024,1,-1,-1,-1
161,-1,162,353,331,533,1,-1,-1,-1
161,-1,503,384,123,358,1,-1,-1,-1
162,-1,1111,48,344,1032,1,-1,-1,-1
163,-1,1100,42,345,1038,1,-1,-1,-1
163,-1,760,192,343,867,1,-1,-1,-1
163,-1,1477,376,150,298,1,-1,-1,-1
163,-1,285,310,284,566,1,-1,-1,-1
164,-1,749,191,339,876,1,-1,-1,-1
164,-1,1081,43,355,1037,1,-1,-1,-1
164,-1,299,326,286,554,1,-1,-1,-1
164,-1,1479,381,147,292,1,-1,-1,-1
165,-1,736,193,350,869,1,-1,-1,-1
165,-1,1049,57,398,1023,1,-1,-1,-1
165,-1,335,330,283,555,1,-1,-1,-1
165,-1,1476,389,148,284,1,-1,-1,-1
166,-1,704,203,359,859,1,-1,-1,-1
166,-1,365,329,302,559,1,-1,-1,-1
166,-1,1043,34,379,1046,1,-1,-1,-1
166,-1,1493,385,131,289,1,-1,-1,-1
167,-1,691,194,347,865,1,-1,-1,-1
167,-1,1043,25,375,1055,1,-1,-1,-1
167,-1,374,356,299,529,1,-1,-1,-1
167,-1,1494,390,129,284,1,-1,-1,-1
168,-1,1030,36,411,1035,1,-1,-1,-1
168,-1,719,179,321,858,1,-1,-1,-1
168,-1,386,326,311,562,1,-1,-1,-1
168,-1,1493,388,131,290,1,-1,-1,-1
168,-1,1419,457,59,199,1,-1,-1,-1
169,-1,692,177,339,857,1,-1,-1,-1
169,-1,1008,80,420,1000,1,-1,-1,-1
169,-1,1497,393,127,282,1,-1,-1,-1
169,-1,1420,453,58,214,1,-1,-1,-1
169,-1,386,344,298,531,1,-1,-1,-1
169,-1,1657,480,51,112,1,-1,-1,-1
170,-1,673,183,325,840,1,-1,-1,-1
170,-1,1005,27,417,1045,1,-1,-1,-1
170,-1,1373,454,72,209,1,-1,-1,-1
170,-1,1508,393,120,279,1,-1,-1,-1
170,-1,1414,452,60,208,1,-1,-1,-1
171,-1,1409,449,66,203,1,-1,-1,-1
171,-1,1366,451,78,209,1,-1,-1,-1
171,-1,349,437,248,412,1,-1,-1,-1
171,-1,623,199,356,817,1,-1,-1,-1
171,-1,1515,397,116,272,1,-1,-1,-1
171,-1,993,14,420,1058,1,-1,-1,-1
171,-1,18,523,74,148,1,-1,-1,-1
172,-1,353,452,232,393,1,-1,-1,-1
172,-1,1359,455,78,196,1,-1,-1,-1
172,-1,1413,449,64,203,1,-1,-1,-1
172,-1,1515,397,119,272,1,-1,-1,-1
172,-1,633,189,349,878,1,-1,-1,-1
172,-1,18,523,74,144,1,-1,-1,-1
173,-1,1410,446,66,203,1,-1,-1,-1
173,-1,1348,457,78,192,1,-1,-1,-1
173,-1,371,449,207,403,1,-1,-1,-1
173,-1,528,157,378,889,1,-1,-1,-1
173,-1,1519,394,123,275,1,-1,-1,-1
173,-1,14,520,74,152,1,-1,-1,-1
174,-1,1407,446,70,204,1,-1,-1,-1
174,-1,514,162,402,866,1,-1,-1,-1
174,-1,1525,392,120,279,1,-1,-1,-1
174,-1,1346,456,79,198,1,-1,-1,-1
174,-1,371,423,187,398,1,-1,-1,-1
175,-1,518,148,397,889,1,-1,-1,-1
175,-1,1408,446,74,206,1,-1,-1,-1
175,-1,366,415,171,417,1,-1,-1,-1
175,-1,1527,398,120,273,1,-1,-1,-1
176,-1,501,159,408,869,1,-1,-1,-1
176,-1,1530,393,123,277,1,-1,-1,-1
176,-1,1413,446,69,206,1,-1,-1,-1
176,-1,367,416,179,389,1,-1,-1,-1
176,-1,1444,452,48,128,1,-1,-1,-1
176,-1,808,39,491,997,1,-1,-1,-1
177,-1,503,152,403,901,1,-1,-1,-1
177,-1,385,411,142,387,1,-1,-1,-1
177,-1,1537,390,117,281,1,-1,-1,-1
177,-1,1418,448,63,204,1,-1,-1,-1
177,-1,793,42,506,981,1,-1,-1,-1
177,-1,1446,445,47,155,1,-1,-1,-1
178,-1,473,153,416,892,1,-1,-1,-1
178,-1,392,409,134,388,1,-1,-1,-1
178,-1,1539,390,126,281,1,-1,-1,-1
178,-1,1419,448,64,203,1,-1,-1,-1
178,-1,893,0,420,1030,1,-1,-1,-1
179,-1,445,185,409,810,1,-1,-1,-1
179,-1,890,7,412,1063,1,-1,-1,-1
179,-1,1542,392,127,275,1,-1,-1,-1
179,-1,402,409,137,381,1,-1,-1,-1
179,-1,1421,448,65,201,1,-1,-1,-1
180,-1,433,197,413,756,1,-1,-1,-1
180,-1,874,0,417,1068,1,-1,-1,-1
180,-1,1545,390,124,278,1,-1,-1,-1
180,-1,1422,442,66,211,1,-1,-1,-1
180,-1,1449,442,48,173,1,-1,-1,-1
181,-1,390,142,463,904,1,-1,-1,-1
181,-1,854,0,414,1062,1,-1,-1,-1
181,-1,1423,441,71,214,1,-1,-1,-1
181,-1,434,259,388,578,1,-1,-1,-1
181,-1,1552,396,117,270,1,-1,-1,-1
182,-1,854,0,405,1066,1,-1,-1,-1
182,-1,367,141,500,898,1,-1,-1,-1
182,-1,1422,441,74,216,1,-1,-1,-1
182,-1,1548,397,119,269,1,-1,-1,-1
183,-1,856,0,389,1075,1,-1,-1,-1
183,-1,351,131,561,931,1,-1,-1,-1
183,-1,1423,440,76,218,1,-1,-1,-1
183,-1,0,194,172,803,1,-1,-1,-1
183,-1,713,311,141,476,1,-1,-1,-1
183,-1,1644,451,66,191,1,-1,-1,-1
184,-1,341,125,496,949,1,-1,-1,-1
184,-1,848,0,393,1080,1,-1,-1,-1
184,-1,1420,447,74,222,1,-1,-1,-1
184,-1,4,202,279,783,1,-1,-1,-1
184,-1,700,305,173,523,1,-1,-1,-1
185,-1,303,114,502,960,1,-1,-1,-1
185,-1,839,0,401,1080,1,-1,-1,-1
185,-1,6,228,306,757,1,-1,-1,-1
185,-1,1418,440,77,228,1,-1,-1,-1
185,-1,310,170,414,634,1,-1,-1,-1
185,-1,691,310,200,501,1,-1,-1,-1
185,-1,1630,424,76,186,1,-1,-1,-1
186,-1,267,113,472,948,1,-1,-1,-1
186,-1,10,202,305,777,1,-1,-1,-1
186,-1,824,0,409,1079,1,-1,-1,-1
186,-1,1418,442,83,223,1,-1,-1,-1
186,-1,1638,422,73,184,1,-1,-1,-1
187,-1,12,220,269,751,1,-1,-1,-1
187,-1,802,0,421,1080,1,-1,-1,-1
187,-1,1433,440,71,224,1,-1,-1,-1
187,-1,261,103,436,966,1,-1,-1,-1
188,-1,17,221,233,735,1,-1,-1,-1
188,-1,800,0,405,1080,1,-1,-1,-1
188,-1,1431,441,74,221,1,-1,-1,-1
188,-1,250,160,383,659,1,-1,-1,-1
188,-1,1645,424,71,180,1,-1,-1,-1
188,-1,223,94,483,980,1,-1,-1,-1
189,-1,777,0,423,1080,1,-1,-1,-1
189,-1,1430,442,78,217,1,-1,-1,-1
189,-1,540,368,173,423,1,-1,-1,-1
189,-1,0,209,163,760,1,-1,-1,-1
189,-1,1645,426,71,182,1,-1,-1,-1
190,-1,754,0,446,1080,1,-1,-1,-1
190,-1,1430,441,81,221,1,-1,-1,-1
190,-1,19,69,542,1004,1,-1,-1,-1
190,-1,541,370,163,417,1,-1,-1,-1
190,-1,1636,425,78,186,1,-1,-1,-1
191,-1,748,1,405,1078,1,-1,-1,-1
191,-1,1433,439,81,228,1,-1,-1,-1
191,-1,23,76,494,991,1,-1,-1,-1
191,-1,501,402,150,395,1,-1,-1,-1
191,-1,1631,428,82,191,1,-1,-1,-1
192,-1,721,8,396,1062,1,-1,-1,-1
192,-1,1435,440,78,231,1,-1,-1,-1
192,-1,491,372,168,417,1,-1,-1,-1
192,-1,17,82,477,972,1,-1,-1,-1
192,-1,574,371,138,417,1,-1,-1,-1
192,-1,1635,426,82,201,1,-1,-1,-1
193,-1,691,0,406,1071,1,-1,-1,-1
193,-1,1438,441,72,232,1,-1,-1,-1
193,-1,498,401,174,397,1,-1,-1,-1
193,-1,4,71,458,983,1,-1,-1,-1
193,-1,1634,427,81,201,1,-1,-1,-1
194,-1,655,4,406,1073,1,-1,-1,-1
194,-1,1441,443,70,226,1,-1,-1,-1
194,-1,3,89,440,966,1,-1,-1,-1
194,-1,502,394,164,421,1,-1,-1,-1
194,-1,1635,423,82,212,1,-1,-1,-1
195,-1,509,393,158,416,1,-1,-1,-1
195,-1,1,92,444,970,1,-1,-1,-1
195,-1,1439,443,71,232,1,-1,-1,-1
195,-1,635,3,403,1077,1,-1,-1,-1
195,-1,1635,421,83,209,1,-1,-1,-1
196,-1,507,388,147,411,1,-1,-1,-1
196,-1,1436,441,76,225,1,-1,-1,-1
196,-1,1630,418,88,208,1,-1,-1,-1
196,-1,0,85,435,974,1,-1,-1,-1
196,-1,577,8,526,1072,1,-1,-1,-1
197,-1,1436,443,77,224,1,-1,-1,-1
197,-1,254,217,304,726,1,-1,-1,-1
197,-1,1638,417,85,210,1,-1,-1,-1
197,-1,4,70,399,992,1,-1,-1,-1
197,-1,564,6,535,1059,1,-1,-1,-1
198,-1,241,222,329,722,1,-1,-1,-1
198,-1,1437,444,75,224,1,-1,-1,-1
198,-1,1638,418,87,214,1,-1,-1,-1
199,-1,266,226,297,735,1,-1,-1,-1
199,-1,1437,443,78,233,1,-1,-1,-1
199,-1,1637,417,84,216,1,-1,-1,-1
199,-1,0,67,291,831,1,-1,-1,-1
200,-1,301,229,258,734,1,-1,-1,-1
200,-1,188,245,228,707,1,-1,-1,-1
200,-1,1438,447,77,228,1,-1,-1,-1
200,-1,1636,419,84,209,1,-1,-1,-1
200,-1,1520,424,58,200,1,-1,-1,-1
201,-1,197,267,245,684,1,-1,-1,-1
201,-1,1443,453,75,227,1,-1,-1,-1
201,-1,403,26,602,1047,1,-1,-1,-1
201,-1,308,249,236,696,1,-1,-1,-1
201,-1,1641,415,79,211,1,-1,-1,-1
202,-1,219,259,228,683,1,-1,-1,-1
202,-1,1438,452,81,229,1,-1,-1,-1
202,-1,346,24,631,1029,1,-1,-1,-1
202,-1,323,248,225,693,1,-1,-1,-1
202,-1,955,342,202,440,1,-1,-1,-1
202,-1,1639,412,81,215,1,-1,-1,-1
203,-1,220,256,226,678,1,-1,-1,-1
203,-1,1439,456,81,226,1,-1,-1,-1
203,-1,950,339,214,436,1,-1,-1,-1
203,-1,348,14,601,1041,1,-1,-1,-1
203,-1,311,263,225,690,1,-1,-1,-1
203,-1,1643,419,81,194,1,-1,-1,-1
204,-1,973,340,186,446,1,-1,-1,-1
204,-1,309,6,626,1056,1,-1,-1,-1
204,-1,1439,452,79,231,1,-1,-1,-1
204,-1,223,274,218,629,1,-1,-1,-1
205,-1,981,347,188,431,1,-1,-1,-1
205,-1,267,23,630,1044,1,-1,-1,-1
205,-1,1440,458,83,225,1,-1,-1,-1
205,-1,12,498,111,326,1,-1,-1,-1
206,-1,233,19,645,1050,1,-1,-1,-1
206,-1,1438,456,86,233,1,-1,-1,-1
206,-1,1010,353,155,429,1,-1,-1,-1
206,-1,825,416,204,383,1,-1,-1,-1
207,-1,1438,456,83,233,1,-1,-1,-1
207,-1,234,10,634,1047,1,-1,-1,-1
207,-1,1009,359,157,417,1,-1,-1,-1
207,-1,847,434,200,364,1,-1,-1,-1
207,-1,1557,444,71,199,1,-1,-1,-1
208,-1,206,22,625,1043,1,-1,-1,-1
208,-1,1442,456,84,234,1,-1,-1,-1
208,-1,1560,442,69,202,1,-1,-1,-1
208,-1,1009,346,161,432,1,-1,-1,-1
208,-1,865,420,205,380,1,-1,-1,-1
208,-1,1659,426,74,181,1,-1,-1,-1
209,-1,883,417,167,385,1,-1,-1,-1
209,-1,135,3,611,1077,1,-1,-1,-1
209,-1,1440,453,82,234,1,-1,-1,-1
209,-1,681,399,156,404,1,-1,-1,-1
209,-1,1558,447,70,198,1,-1,-1,-1
209,-1,8,255,221,761,1,-1,-1,-1
209,-1,1656,419,73,209,1,-1,-1,-1
210,-1,662,383,212,432,1,-1,-1,-1
210,-1,114,10,579,1070,1,-1,-1,-1
210,-1,908,429,134,361,1,-1,-1,-1
210,-1,1561,443,73,202,1,-1,-1,-1
210,-1,1439,452,82,236,1,-1,-1,-1
210,-1,1656,420,70,192,1,-1,-1,-1
210,-1,0,256,189,729,1,-1,-1,-1
211,-1,674,370,201,434,1,-1,-1,-1
211,-1,499,318,318,569,1,-1,-1,-1
211,-1,41,0,579,1080,1,-1,-1,-1
211,-1,1645,415,84,201,1,-1,-1,-1
211,-1,903,416,145,364,1,-1,-1,-1
211,-1,1059,333,168,459,1,-1,-1,-1
211,-1,1556,444,80,200,1,-1,-1,-1
211,-1,1441,459,86,206,1,-1,-1,-1
212,-1,509,252,330,636,1,-1,-1,-1
212,-1,21,2,564,1075,1,-1,-1,-1
212,-1,1069,333,178,459,1,-1,-1,-1
212,-1,688,363,199,448,1,-1,-1,-1
212,-1,1440,456,84,216,1,-1,-1,-1
212,-1,1647,415,81,202,1,-1,-1,-1
212,-1,914,414,132,354,1,-1,-1,-1
212,-1,1556,448,76,199,1,-1,-1,-1
213,-1,527,248,318,646,1,-1,-1,-1
213,-1,20,4,531,1076,1,-1,-1,-1
213,-1,1072,336,174,461,1,-1,-1,-1
213,-1,701,366,187,450,1,-1,-1,-1
213,-1,1645,416,78,201,1,-1,-1,-1
213,-1,1449,455,83,218,1,-1,-1,-1
213,-1,1742,403,71,213,1,-1,-1,-1
214,-1,522,261,323,628,1,-1,-1,-1
214,-1,1081,337,168,439,1,-1,-1,-1
214,-1,1,0,555,1071,1,-1,-1,-1
214,-1,1710,404,94,212,1,-1,-1,-1
214,-1,1640,420,77,190,1,-1,-1,-1
215,-1,528,262,310,630,1,-1,-1,-1
215,-1,1087,346,166,427,1,-1,-1,-1
215,-1,3,0,549,1075,1,-1,-1,-1
215,-1,1711,400,95,220,1,-1,-1,-1
215,-1,1638,421,78,200,1,-1,-1,-1
216,-1,530,253,298,638,1,-1,-1,-1
216,-1,1089,355,182,414,1,-1,-1,-1
216,-1,1,0,501,1068,1,-1,-1,-1
216,-1,1713,406,94,207,1,-1,-1,-1
216,-1,967,409,162,357,1,-1,-1,-1
216,-1,1630,424,76,195,1,-1,-1,-1
217,-1,554,257,272,640,1,-1,-1,-1
217,-1,1089,356,190,410,1,-1,-1,-1
217,-1,0,0,494,1053,1,-1,-1,-1
217,-1,975,412,159,353,1,-1,-1,-1
217,-1,1715,408,96,210,1,-1,-1,-1
217,-1,1635,424,69,203,1,-1,-1,-1
218,-1,580,273,245,611,1,-1,-1,-1
218,-1,982,414,156,352,1,-1,-1,-1
218,-1,1091,352,197,407,1,-1,-1,-1
218,-1,5,0,456,1032,1,-1,-1,-1
218,-1,1721,411,90,203,1,-1,-1,-1
218,-1,1146,361,188,375,1,-1,-1,-1
219,-1,589,264,229,617,1,-1,-1,-1
219,-1,1102,352,179,413,1,-1,-1,-1
219,-1,15,11,413,1011,1,-1,-1,-1
219,-1,997,409,145,360,1,-1,-1,-1
219,-1,1722,414,88,199,1,-1,-1,-1
219,-1,1631,422,81,216,1,-1,-1,-1
219,-1,108,249,340,721,1,-1,-1,-1
219,-1,496,297,170,539,1,-1,-1,-1
219,-1,1160,362,167,378,1,-1,-1,-1
219,-1,1521,451,66,191,1,-1,-1,-1
220,-1,153,392,334,582,1,-1,-1,-1
220,-1,1122,355,153,403,1,-1,-1,-1
220,-1,18,9,437,1002,1,-1,-1,-1
220,-1,1181,362,137,388,1,-1,-1,-1
220,-1,1009,417,132,346,1,-1,-1,-1
220,-1,582,278,204,606,1,-1,-1,-1
220,-1,1714,416,93,193,1,-1,-1,-1
220,-1,1519,452,68,191,1,-1,-1,-1
221,-1,565,270,234,603,1,-1,-1,-1
221,-1,143,351,406,620,1,-1,-1,-1
221,-1,1167,364,148,401,1,-1,-1,-1
221,-1,15,23,524,970,1,-1,-1,-1
221,-1,1520,450,69,193,1,-1,-1,-1
221,-1,1024,424,118,335,1,-1,-1,-1
221,-1,1129,360,151,405,1,-1,-1,-1
221,-1,1720,418,87,199,1,-1,-1,-1
222,-1,143,308,431,677,1,-1,-1,-1
222,-1,537,276,216,588,1,-1,-1,-1
222,-1,1172,364,145,399,1,-1,-1,-1
222,-1,1522,454,68,189,1,-1,-1,-1
222,-1,1032,421,117,331,1,-1,-1,-1
222,-1,1635,432,86,215,1,-1,-1,-1
222,-1,1730,416,83,198,1,-1,-1,-1
222,-1,1443,458,84,201,1,-1,-1,-1
223,-1,151,305,424,677,1,-1,-1,-1
223,-1,1029,420,120,336,1,-1,-1,-1
223,-1,1182,360,140,396,1,-1,-1,-1
223,-1,1517,448,73,194,1,-1,-1,-1
223,-1,699,269,221,590,1,-1,-1,-1
223,-1,551,288,211,579,1,-1,-1,-1
224,-1,151,291,415,691,1,-1,-1,-1
224,-1,1183,359,147,395,1,-1,-1,-1
224,-1,710,287,228,570,1,-1,-1,-1
224,-1,1515,447,75,196,1,-1,-1,-1
224,-1,1033,419,133,332,1,-1,-1,-1
224,-1,1641,435,81,206,1,-1,-1,-1
224,-1,565,299,212,580,1,-1,-1,-1
225,-1,142,313,418,670,1,-1,-1,-1
225,-1,1183,358,143,403,1,-1,-1,-1
225,-1,737,294,251,573,1,-1,-1,-1
225,-1,1052,425,120,319,1,-1,-1,-1
225,-1,1514,456,75,188,1,-1,-1,-1
225,-1,1644,441,81,199,1,-1,-1,-1
225,-1,1750,455,69,174,1,-1,-1,-1
225,-1,564,303,210,593,1,-1,-1,-1
226,-1,159,306,375,662,1,-1,-1,-1
226,-1,1182,361,153,390,1,-1,-1,-1
226,-1,747,293,258,572,1,-1,-1,-1
226,-1,275,304,347,658,1,-1,-1,-1
226,-1,1516,454,77,205,1,-1,-1,-1
226,-1,1645,451,77,185,1,-1,-1,-1
226,-1,1749,458,74,172,1,-1,-1,-1
226,-1,1048,420,120,332,1,-1,-1,-1
226,-1,1739,423,79,168,1,-1,-1,-1
226,-1,552,302,224,585,1,-1,-1,-1
227,-1,163,307,378,649,1,-1,-1,-1
227,-1,1185,366,157,385,1,-1,-1,-1
227,-1,291,297,309,665,1,-1,-1,-1
227,-1,745,301,264,579,1,-1,-1,-1
227,-1,1518,454,75,198,1,-1,-1,-1
227,-1,1649,450,76,188,1,-1,-1,-1
227,-1,1755,459,68,173,1,-1,-1,-1
227,-1,1099,412,130,342,1,-1,-1,-1
227,-1,1748,430,67,145,1,-1,-1,-1
228,-1,166,304,413,654,1,-1,-1,-1
228,-1,1190,367,167,393,1,-1,-1,-1
228,-1,742,305,271,574,1,-1,-1,-1
228,-1,1650,447,74,188,1,-1,-1,-1
228,-1,550,292,232,597,1,-1,-1,-1
228,-1,1524,451,72,222,1,-1,-1,-1
228,-1,1739,409,77,211,1,-1,-1,-1
228,-1,1091,410,142,346,1,-1,-1,-1
228,-1,1755,453,68,178,1,-1,-1,-1
229,-1,220,299,376,651,1,-1,-1,-1
229,-1,1096,421,148,333,1,-1,-1,-1
229,-1,709,303,284,570,1,-1,-1,-1
229,-1,1218,368,132,372,1,-1,-1,-1
229,-1,1731,411,89,220,1,-1,-1,-1
229,-1,1643,445,75,191,1,-1,-1,-1
229,-1,1526,451,76,235,1,-1,-1,-1
230,-1,272,298,327,652,1,-1,-1,-1
230,-1,727,299,271,583,1,-1,-1,-1
230,-1,1728,413,88,212,1,-1,-1,-1
230,-1,1211,367,136,380,1,-1,-1,-1
230,-1,1095,409,151,344,1,-1,-1,-1
231,-1,322,290,298,654,1,-1,-1,-1
231,-1,1216,371,139,381,1,-1,-1,-1
231,-1,743,298,254,566,1,-1,-1,-1
231,-1,1737,414,83,206,1,-1,-1,-1
231,-1,1113,417,131,333,1,-1,-1,-1
232,-1,381,298,258,637,1,-1,-1,-1
232,-1,1213,374,143,374,1,-1,-1,-1
232,-1,1739,416,87,216,1,-1,-1,-1
232,-1,747,302,221,558,1,-1,-1,-1
232,-1,1427,463,60,168,1,-1,-1,-1
233,-1,388,302,283,641,1,-1,-1,-1
233,-1,1745,417,86,218,1,-1,-1,-1
233,-1,1208,378,153,369,1,-1,-1,-1
233,-1,670,294,197,528,1,-1,-1,-1
233,-1,1134,419,122,331,1,-1,-1,-1
233,-1,1646,427,59,157,1,-1,-1,-1
234,-1,1224,370,143,373,1,-1,-1,-1
234,-1,391,308,293,635,1,-1,-1,-1
234,-1,1746,415,87,222,1,-1,-1,-1
234,-1,493,306,239,629,1,-1,-1,-1
235,-1,1232,365,148,378,1,-1,-1,-1
235,-1,394,313,286,622,1,-1,-1,-1
235,-1,1745,416,93,221,1,-1,-1,-1
235,-1,496,312,240,614,1,-1,-1,-1
236,-1,1230,364,159,382,1,-1,-1,-1
236,-1,499,316,243,605,1,-1,-1,-1
236,-1,1750,417,90,220,1,-1,-1,-1
236,-1,401,339,271,588,1,-1,-1,-1
236,-1,87,501,130,308,1,-1,-1,-1
237,-1,1257,371,150,362,1,-1,-1,-1
237,-1,390,340,269,581,1,-1,-1,-1
237,-1,1751,416,86,227,1,-1,-1,-1
237,-1,520,310,236,610,1,-1,-1,-1
237,-1,1160,415,105,327,1,-1,-1,-1
238,-1,1251,366,162,369,1,-1,-1,-1
238,-1,505,311,260,605,1,-1,-1,-1
238,-1,1753,414,86,228,1,-1,-1,-1
238,-1,381,344,295,573,1,-1,-1,-1
238,-1,91,498,131,310,1,-1,-1,-1
239,-1,449,319,306,592,1,-1,-1,-1
239,-1,1261,374,151,360,1,-1,-1,-1
239,-1,896,302,260,544,1,-1,-1,-1
239,-1,1760,412,79,231,1,-1,-1,-1
239,-1,1548,461,75,195,1,-1,-1,-1
239,-1,1238,375,126,368,1,-1,-1,-1
239,-1,81,488,149,332,1,-1,-1,-1
240,-1,476,312,295,587,1,-1,-1,-1
240,-1,1269,377,146,355,1,-1,-1,-1
240,-1,902,301,256,541,1,-1,-1,-1
240,-1,1756,417,84,221,1,-1,-1,-1
240,-1,769,331,157,485,1,-1,-1,-1
240,-1,1222,405,126,332,1,-1,-1,-1
240,-1,1418,469,72,152,1,-1,-1,-1
241,-1,505,321,275,565,1,-1,-1,-1
241,-1,1276,376,145,356,1,-1,-1,-1
241,-1,1761,412,79,227,1,-1,-1,-1
241,-1,1217,414,134,321,1,-1,-1,-1
241,-1,789,334,166,477,1,-1,-1,-1
241,-1,100,507,127,293,1,-1,-1,-1
241,-1,916,306,239,541,1,-1,-1,-1
241,-1,1546,459,83,205,1,-1,-1,-1
241,-1,18,527,67,147,1,-1,-1,-1
242,-1,1273,374,155,361,1,-1,-1,-1
242,-1,524,319,269,567,1,-1,-1,-1
242,-1,1756,411,87,226,1,-1,-1,-1
242,-1,1548,458,80,212,1,-1,-1,-1
242,-1,99,516,125,268,1,-1,-1,-1
242,-1,19,528,66,143,1,-1,-1,-1
242,-1,922,310,247,538,1,-1,-1,-1
243,-1,562,320,267,564,1,-1,-1,-1
243,-1,1270,374,164,368,1,-1,-1,-1
243,-1,1760,414,85,214,1,-1,-1,-1
243,-1,1219,428,123,308,1,-1,-1,-1
243,-1,963,297,178,524,1,-1,-1,-1
243,-1,97,515,127,272,1,-1,-1,-1
243,-1,19,527,66,140,1,-1,-1,-1
244,-1,589,312,322,590,1,-1,-1,-1
244,-1,1292,377,138,357,1,-1,-1,-1
244,-1,1766,413,78,218,1,-1,-1,-1
244,-1,983,307,176,495,1,-1,-1,-1
244,-1,1216,421,127,317,1,-1,-1,-1
245,-1,623,318,345,576,1,-1,-1,-1
245,-1,1305,380,130,349,1,-1,-1,-1
245,-1,1764,415,82,215,1,-1,-1,-1
245,-1,1211,432,130,304,1,-1,-1,-1
245,-1,18,524,68,142,1,-1,-1,-1
246,-1,1305,376,129,350,1,-1,-1,-1
246,-1,657,327,300,556,1,-1,-1,-1
246,-1,1765,418,81,206,1,-1,-1,-1
246,-1,996,308,172,495,1,-1,-1,-1
246,-1,1219,422,132,309,1,-1,-1,-1
246,-1,918,358,108,407,1,-1,-1,-1
247,-1,667,324,296,556,1,-1,-1,-1
247,-1,1306,373,132,360,1,-1,-1,-1
247,-1,1767,419,81,204,1,-1,-1,-1
247,-1,604,342,147,533,1,-1,-1,-1
248,-1,679,321,287,556,1,-1,-1,-1
248,-1,1325,377,120,351,1,-1,-1,-1
248,-1,1770,416,78,206,1,-1,-1,-1
249,-1,695,321,266,555,1,-1,-1,-1
249,-1,1323,376,122,355,1,-1,-1,-1
249,-1,1043,305,204,478,1,-1,-1,-1
249,-1,1767,411,82,208,1,-1,-1,-1
249,-1,1822,408,72,205,1,-1,-1,-1
249,-1,17,525,70,150,1,-1,-1,-1
250,-1,1328,379,118,349,1,-1,-1,-1
250,-1,1054,300,200,498,1,-1,-1,-1
250,-1,712,323,247,551,1,-1,-1,-1
250,-1,1824,410,72,209,1,-1,-1,-1
250,-1,1768,411,74,212,1,-1,-1,-1
251,-1,1335,383,109,337,1,-1,-1,-1
251,-1,707,314,257,553,1,-1,-1,-1
251,-1,1824,409,76,213,1,-1,-1,-1
251,-1,1061,305,198,489,1,-1,-1,-1
252,-1,1327,374,120,355,1,-1,-1,-1
252,-1,1814,408,84,212,1,-1,-1,-1
252,-1,1057,310,214,484,1,-1,-1,-1
252,-1,699,313,256,553,1,-1,-1,-1
252,-1,666,339,196,528,1,-1,-1,-1
252,-1,1764,408,72,213,1,-1,-1,-1
253,-1,686,318,289,550,1,-1,-1,-1
253,-1,1335,377,114,347,1,-1,-1,-1
253,-1,671,346,204,504,1,-1,-1,-1
253,-1,1815,410,83,212,1,-1,-1,-1
253,-1,1070,312,195,480,1,-1,-1,-1
253,-1,865,337,176,470,1,-1,-1,-1
254,-1,1343,377,118,349,1,-1,-1,-1
254,-1,1085,309,187,495,1,-1,-1,-1
254,-1,1825,411,75,205,1,-1,-1,-1
254,-1,691,347,180,517,1,-1,-1,-1
254,-1,874,329,174,502,1,-1,-1,-1
254,-1,1763,409,63,210,1,-1,-1,-1
255,-1,1349,375,111,346,1,-1,-1,-1
255,-1,1824,411,77,208,1,-1,-1,-1
255,-1,706,350,163,509,1,-1,-1,-1
255,-1,1096,310,183,497,1,-1,-1,-1
255,-1,1388,388,106,325,1,-1,-1,-1
255,-1,1766,408,62,208,1,-1,-1,-1
256,-1,1337,381,105,339,1,-1,-1,-1
256,-1,1816,411,84,211,1,-1,-1,-1
256,-1,1092,309,181,497,1,-1,-1,-1
257,-1,1824,409,80,215,1,-1,-1,-1
257,-1,1340,379,102,342,1,-1,-1,-1
257,-1,1098,310,180,489,1,-1,-1,-1
257,-1,11,530,72,145,1,-1,-1,-1
257,-1,1402,388,100,322,1,-1,-1,-1
258,-1,1830,411,77,218,1,-1,-1,-1
258,-1,1112,311,171,493,1,-1,-1,-1
258,-1,1404,391,104,316,1,-1,-1,-1
258,-1,833,316,293,547,1,-1,-1,-1
258,-1,14,532,66,137,1,-1,-1,-1
259,-1,1398,383,112,325,1,-1,-1,-1
259,-1,1833,407,77,219,1,-1,-1,-1
259,-1,758,334,172,519,1,-1,-1,-1
259,-1,1338,376,102,339,1,-1,-1,-1
259,-1,1122,312,170,471,1,-1,-1,-1
260,-1,1401,383,112,325,1,-1,-1,-1
260,-1,1834,405,75,215,1,-1,-1,-1
260,-1,783,340,162,508,1,-1,-1,-1
260,-1,1119,310,168,456,1,-1,-1,-1
260,-1,857,311,274,553,1,-1,-1,-1
261,-1,1407,380,116,329,1,-1,-1,-1
261,-1,1836,410,77,213,1,-1,-1,-1
261,-1,792,350,167,497,1,-1,-1,-1
261,-1,10,529,71,143,1,-1,-1,-1
261,-1,1333,373,103,343,1,-1,-1,-1
261,-1,959,339,175,454,1,-1,-1,-1
262,-1,1406,378,126,331,1,-1,-1,-1
262,-1,1155,303,184,477,1,-1,-1,-1
262,-1,804,362,169,474,1,-1,-1,-1
262,-1,1832,407,80,216,1,-1,-1,-1
262,-1,978,340,180,474,1,-1,-1,-1
262,-1,12,524,71,150,1,-1,-1,-1
263,-1,1418,378,122,330,1,-1,-1,-1
263,-1,1160,305,189,473,1,-1,-1,-1
263,-1,809,361,173,478,1,-1,-1,-1
263,-1,982,334,178,480,1,-1,-1,-1
263,-1,1835,406,78,224,1,-1,-1,-1
264,-1,1421,378,120,330,1,-1,-1,-1
264,-1,1168,309,180,474,1,-1,-1,-1
264,-1,1832,407,80,221,1,-1,-1,-1
264,-1,15,525,66,147,1,-1,-1,-1
264,-1,993,337,169,505,1,-1,-1,-1
264,-1,1523,403,110,297,1,-1,-1,-1
265,-1,1423,379,120,328,1,-1,-1,-1
265,-1,1163,311,200,482,1,-1,-1,-1
265,-1,1834,408,81,219,1,-1,-1,-1
265,-1,13,521,73,157,1,-1,-1,-1
265,-1,839,355,186,490,1,-1,-1,-1
265,-1,1007,343,159,506,1,-1,-1,-1
265,-1,1523,401,105,300,1,-1,-1,-1
266,-1,1424,378,121,331,1,-1,-1,-1
266,-1,1167,311,200,483,1,-1,-1,-1
266,-1,846,353,182,482,1,-1,-1,-1
266,-1,1010,349,166,485,1,-1,-1,-1
266,-1,1838,410,75,212,1,-1,-1,-1
266,-1,14,521,75,151,1,-1,-1,-1
266,-1,1519,402,113,301,1,-1,-1,-1
267,-1,1433,380,121,329,1,-1,-1,-1
267,-1,1180,311,187,483,1,-1,-1,-1
267,-1,868,352,164,494,1,-1,-1,-1
267,-1,15,521,71,155,1,-1,-1,-1
267,-1,1831,411,83,218,1,-1,-1,-1
268,-1,1433,379,116,330,1,-1,-1,-1
268,-1,882,345,158,502,1,-1,-1,-1
268,-1,1186,313,181,475,1,-1,-1,-1
268,-1,1052,349,186,457,1,-1,-1,-1
268,-1,16,524,70,144,1,-1,-1,-1
269,-1,1439,384,112,320,1,-1,-1,-1
269,-1,1053,348,199,459,1,-1,-1,-1
269,-1,894,353,159,493,1,-1,-1,-1
269,-1,1206,310,168,497,1,-1,-1,-1
269,-1,17,526,68,146,1,-1,-1,-1
269,-1,1835,410,78,210,1,-1,-1,-1
270,-1,1058,353,202,455,1,-1,-1,-1
270,-1,1437,387,110,317,1,-1,-1,-1
270,-1,904,354,158,491,1,-1,-1,-1
270,-1,1837,410,78,212,1,-1,-1,-1
270,-1,15,523,74,155,1,-1,-1,-1
270,-1,1214,340,165,456,1,-1,-1,-1
271,-1,1069,352,195,474,1,-1,-1,-1
271,-1,1439,387,117,318,1,-1,-1,-1
271,-1,915,349,150,484,1,-1,-1,-1
271,-1,1845,416,69,206,1,-1,-1,-1
271,-1,15,524,72,151,1,-1,-1,-1
271,-1,1218,316,174,477,1,-1,-1,-1
272,-1,1074,341,194,491,1,-1,-1,-1
272,-1,1439,387,120,318,1,-1,-1,-1
272,-1,921,356,137,462,1,-1,-1,-1
272,-1,16,521,72,151,1,-1,-1,-1
273,-1,1437,382,117,320,1,-1,-1,-1
273,-1,1081,340,197,485,1,-1,-1,-1
273,-1,928,367,133,431,1,-1,-1,-1
273,-1,1276,350,143,365,1,-1,-1,-1
273,-1,15,522,71,153,1,-1,-1,-1
274,-1,1442,381,106,319,1,-1,-1,-1
274,-1,1266,342,152,374,1,-1,-1,-1
274,-1,1100,337,168,492,1,-1,-1,-1
274,-1,1843,403,73,216,1,-1,-1,-1
274,-1,948,360,127,452,1,-1,-1,-1
274,-1,17,523,71,151,1,-1,-1,-1
275,-1,1436,376,104,326,1,-1,-1,-1
275,-1,1278,341,147,373,1,-1,-1,-1
275,-1,953,353,155,454,1,-1,-1,-1
275,-1,1110,347,168,468,1,-1,-1,-1
276,-1,1445,378,97,323,1,-1,-1,-1
276,-1,965,353,148,435,1,-1,-1,-1
276,-1,1293,341,136,385,1,-1,-1,-1
276,-1,1118,341,162,463,1,-1,-1,-1
276,-1,1847,403,68,215,1,-1,-1,-1
277,-1,963,359,157,437,1,-1,-1,-1
277,-1,1447,379,94,320,1,-1,-1,-1
277,-1,1289,339,149,395,1,-1,-1,-1
277,-1,1516,395,116,305,1,-1,-1,-1
277,-1,1849,410,66,209,1,-1,-1,-1
278,-1,970,358,153,441,1,-1,-1,-1
278,-1,1303,340,148,392,1,-1,-1,-1
278,-1,1445,377,93,324,1,-1,-1,-1
278,-1,1517,402,127,297,1,-1,-1,-1
278,-1,1856,412,61,210,1,-1,-1,-1
279,-1,1000,359,136,442,1,-1,-1,-1
279,-1,1169,343,177,464,1,-1,-1,-1
279,-1,1317,350,136,384,1,-1,-1,-1
279,-1,1444,384,89,324,1,-1,-1,-1
279,-1,1530,401,118,302,1,-1,-1,-1
279,-1,1852,413,64,207,1,-1,-1,-1
280,-1,1001,361,141,433,1,-1,-1,-1
280,-1,1168,341,186,469,1,-1,-1,-1
280,-1,1524,398,121,304,1,-1,-1,-1
280,-1,1327,346,132,378,1,-1,-1,-1
280,-1,1446,382,86,324,1,-1,-1,-1
280,-1,1858,413,58,207,1,-1,-1,-1
281,-1,1166,347,199,465,1,-1,-1,-1
281,-1,1001,365,147,430,1,-1,-1,-1
281,-1,1520,401,118,298,1,-1,-1,-1
281,-1,1328,349,124,370,1,-1,-1,-1
281,-1,1447,388,88,315,1,-1,-1,-1
281,-1,1859,412,58,208,1,-1,-1,-1
282,-1,1168,351,216,467,1,-1,-1,-1
282,-1,1004,362,156,436,1,-1,-1,-1
282,-1,1514,398,123,302,1,-1,-1,-1
282,-1,1333,355,122,361,1,-1,-1,-1
282,-1,1459,386,79,317,1,-1,-1,-1
282,-1,15,522,73,158,1,-1,-1,-1
282,-1,1861,410,57,203,1,-1,-1,-1
283,-1,1192,354,200,462,1,-1,-1,-1
283,-1,1514,395,126,305,1,-1,-1,-1
283,-1,1023,362,145,441,1,-1,-1,-1
283,-1,1463,387,77,320,1,-1,-1,-1
283,-1,1324,358,118,366,1,-1,-1,-1
283,-1,17,525,68,148,1,-1,-1,-1
284,-1,1216,352,174,451,1,-1,-1,-1
284,-1,1047,353,159,428,1,-1,-1,-1
284,-1,1626,471,68,145,1,-1,-1,-1
284,-1,1523,399,112,294,1,-1,-1,-1
284,-1,1701,546,115,180,1,-1,-1,-1
285,-1,1049,352,158,431,1,-1,-1,-1
285,-1,1621,476,76,146,1,-1,-1,-1
285,-1,1217,349,171,444,1,-1,-1,-1
285,-1,1523,397,109,293,1,-1,-1,-1
285,-1,1447,385,82,320,1,-1,-1,-1
285,-1,1303,353,129,411,1,-1,-1,-1
286,-1,1050,354,158,424,1,-1,-1,-1
286,-1,1615,474,82,163,1,-1,-1,-1
286,-1,1281,351,150,422,1,-1,-1,-1
286,-1,1212,350,162,432,1,-1,-1,-1
287,-1,1057,354,162,430,1,-1,-1,-1
287,-1,1287,348,157,423,1,-1,-1,-1
287,-1,1621,482,72,148,1,-1,-1,-1
287,-1,1209,351,152,424,1,-1,-1,-1
287,-1,1518,393,112,294,1,-1,-1,-1
288,-1,1056,359,167,432,1,-1,-1,-1
288,-1,1283,351,157,435,1,-1,-1,-1
288,-1,1621,473,72,160,1,-1,-1,-1
288,-1,1519,394,107,296,1,-1,-1,-1
288,-1,1206,352,147,427,1,-1,-1,-1
289,-1,1072,365,162,420,1,-1,-1,-1
289,-1,1277,346,184,459,1,-1,-1,-1
289,-1,1514,392,118,304,1,-1,-1,-1
289,-1,1623,473,70,168,1,-1,-1,-1
290,-1,1074,363,164,421,1,-1,-1,-1
290,-1,1273,350,195,452,1,-1,-1,-1
290,-1,1509,391,127,301,1,-1,-1,-1
290,-1,1627,475,69,151,1,-1,-1,-1
291,-1,1277,351,198,440,1,-1,-1,-1
291,-1,1088,365,160,412,1,-1,-1,-1
291,-1,1519,395,117,295,1,-1,-1,-1
291,-1,1630,474,73,185,1,-1,-1,-1
292,-1,1280,356,204,431,1,-1,-1,-1
292,-1,1092,367,167,417,1,-1,-1,-1
292,-1,1526,392,119,297,1,-1,-1,-1
292,-1,1634,477,76,193,1,-1,-1,-1
293,-1,1285,357,197,433,1,-1,-1,-1
293,-1,1096,363,161,420,1,-1,-1,-1
293,-1,1535,395,114,299,1,-1,-1,-1
293,-1,1651,480,67,171,1,-1,-1,-1
294,-1,1107,366,149,408,1,-1,-1,-1
294,-1,1301,363,190,432,1,-1,-1,-1
294,-1,1540,396,118,300,1,-1,-1,-1
294,-1,1208,363,117,369,1,-1,-1,-1
295,-1,1115,365,135,401,1,-1,-1,-1
295,-1,1549,397,117,297,1,-1,-1,-1
295,-1,1317,363,177,432,1,-1,-1,-1
295,-1,1221,358,103,372,1,-1,-1,-1
295,-1,1369,369,143,367,1,-1,-1,-1
296,-1,1557,398,114,299,1,-1,-1,-1
296,-1,1122,364,129,401,1,-1,-1,-1
296,-1,1217,357,109,385,1,-1,-1,-1
296,-1,1320,363,178,432,1,-1,-1,-1
297,-1,1356,368,165,392,1,-1,-1,-1
297,-1,1223,360,107,390,1,-1,-1,-1
297,-1,1555,392,112,299,1,-1,-1,-1
297,-1,1124,369,121,400,1,-1,-1,-1
298,-1,1357,369,168,396,1,-1,-1,-1
298,-1,1227,369,113,381,1,-1,-1,-1
298,-1,1559,391,105,301,1,-1,-1,-1
298,-1,1128,370,119,402,1,-1,-1,-1
298,-1,1638,465,72,201,1,-1,-1,-1
299,-1,1364,364,167,420,1,-1,-1,-1
299,-1,1229,372,116,370,1,-1,-1,-1
299,-1,1132,372,108,385,1,-1,-1,-1
299,-1,1567,389,107,308,1,-1,-1,-1
300,-1,1365,365,172,419,1,-1,-1,-1
300,-1,1232,374,119,362,1,-1,-1,-1
300,-1,1137,374,104,376,1,-1,-1,-1
300,-1,1566,392,107,303,1,-1,-1,-1
301,-1,1368,363,174,410,1,-1,-1,-1
301,-1,1232,372,121,362,1,-1,-1,-1
301,-1,1140,375,100,375,1,-1,-1,-1
301,-1,1567,388,109,307,1,-1,-1,-1
302,-1,1373,365,170,404,1,-1,-1,-1
302,-1,1226,371,123,363,1,-1,-1,-1
302,-1,1146,377,100,368,1,-1,-1,-1
303,-1,1373,362,178,418,1,-1,-1,-1
303,-1,1224,367,124,376,1,-1,-1,-1
303,-1,1151,378,100,371,1,-1,-1,-1
304,-1,1381,363,176,412,1,-1,-1,-1
304,-1,1227,373,106,364,1,-1,-1,-1
304,-1,1310,371,105,353,1,-1,-1,-1
304,-1,1157,375,107,373,1,-1,-1,-1
304,-1,1634,465,73,200,1,-1,-1,-1
305,-1,1383,365,177,409,1,-1,-1,-1
305,-1,1219,373,109,371,1,-1,-1,-1
305,-1,1311,372,106,362,1,-1,-1,-1
305,-1,1153,378,114,375,1,-1,-1,-1
306,-1,1388,367,176,411,1,-1,-1,-1
306,-1,1216,368,112,380,1,-1,-1,-1
306,-1,1305,370,110,362,1,-1,-1,-1
306,-1,1153,375,115,385,1,-1,-1,-1
307,-1,1391,370,182,407,1,-1,-1,-1
307,-1,1209,370,112,366,1,-1,-1,-1
307,-1,1311,373,103,346,1,-1,-1,-1
307,-1,1157,376,114,370,1,-1,-1,-1
308,-1,1405,373,170,404,1,-1,-1,-1
308,-1,1194,371,120,363,1,-1,-1,-1
308,-1,1313,372,101,346,1,-1,-1,-1
309,-1,1410,371,159,394,1,-1,-1,-1
309,-1,1182,371,142,370,1,-1,-1,-1
309,-1,1312,372,105,344,1,-1,-1,-1
310,-1,1412,371,161,384,1,-1,-1,-1
310,-1,1170,373,158,373,1,-1,-1,-1
310,-1,1315,374,102,342,1,-1,-1,-1
311,-1,1410,368,164,394,1,-1,-1,-1
311,-1,1188,375,152,375,1,-1,-1,-1
311,-1,1306,367,114,363,1,-1,-1,-1
311,-1,1620,445,83,231,1,-1,-1,-1
311,-1,17,524,66,151,1,-1,-1,-1
312,-1,1409,370,168,404,1,-1,-1,-1
312,-1,1195,379,160,371,1,-1,-1,-1
312,-1,1312,374,107,352,1,-1,-1,-1
313,-1,1408,372,176,391,1,-1,-1,-1
313,-1,1198,380,168,370,1,-1,-1,-1
313,-1,1306,376,115,353,1,-1,-1,-1
313,-1,15,523,69,154,1,-1,-1,-1
314,-1,1209,383,158,360,1,-1,-1,-1
314,-1,1414,375,175,386,1,-1,-1,-1
314,-1,1306,377,113,347,1,-1,-1,-1
315,-1,1206,385,164,352,1,-1,-1,-1
315,-1,1414,376,186,382,1,-1,-1,-1
315,-1,1304,379,116,340,1,-1,-1,-1
316,-1,1189,394,162,359,1,-1,-1,-1
316,-1,1418,377,185,374,1,-1,-1,-1
316,-1,1306,381,115,341,1,-1,-1,-1
316,-1,1624,405,130,296,1,-1,-1,-1
317,-1,1200,402,151,353,1,-1,-1,-1
317,-1,1420,380,172,370,1,-1,-1,-1
317,-1,1300,383,122,340,1,-1,-1,-1
317,-1,1466,384,154,339,1,-1,-1,-1
318,-1,1205,408,149,344,1,-1,-1,-1
318,-1,1418,378,172,367,1,-1,-1,-1
318,-1,1304,382,115,341,1,-1,-1,-1
319,-1,1416,383,176,361,1,-1,-1,-1
319,-1,1206,408,144,341,1,-1,-1,-1
319,-1,1305,383,112,339,1,-1,-1,-1
319,-1,1469,400,156,336,1,-1,-1,-1
320,-1,1306,383,118,342,1,-1,-1,-1
320,-1,1418,383,170,355,1,-1,-1,-1
320,-1,1209,404,147,340,1,-1,-1,-1
320,-1,1465,402,156,332,1,-1,-1,-1
321,-1,1309,385,119,343,1,-1,-1,-1
321,-1,1446,388,177,338,1,-1,-1,-1
321,-1,1216,409,138,334,1,-1,-1,-1
322,-1,1306,383,121,338,1,-1,-1,-1
322,-1,1228,385,140,354,1,-1,-1,-1
322,-1,1453,391,172,333,1,-1,-1,-1
323,-1,1302,383,124,333,1,-1,-1,-1
323,-1,1449,392,183,336,1,-1,-1,-1
323,-1,1229,388,132,346,1,-1,-1,-1
323,-1,1631,432,122,296,1,-1,-1,-1
324,-1,1453,386,170,344,1,-1,-1,-1
324,-1,1301,384,120,332,1,-1,-1,-1
324,-1,1231,390,133,338,1,-1,-1,-1
324,-1,1637,427,119,300,1,-1,-1,-1
325,-1,1225,388,132,337,1,-1,-1,-1
325,-1,1305,381,119,336,1,-1,-1,-1
325,-1,1462,388,157,336,1,-1,-1,-1
325,-1,1771,456,58,151,1,-1,-1,-1
325,-1,1635,425,124,302,1,-1,-1,-1
326,-1,1306,382,119,334,1,-1,-1,-1
326,-1,1222,389,127,330,1,-1,-1,-1
326,-1,1467,385,153,337,1,-1,-1,-1
326,-1,1439,383,136,343,1,-1,-1,-1
326,-1,1767,456,59,149,1,-1,-1,-1
326,-1,1635,426,123,299,1,-1,-1,-1
327,-1,1305,383,122,339,1,-1,-1,-1
327,-1,1466,387,154,338,1,-1,-1,-1
327,-1,1217,388,119,331,1,-1,-1,-1
328,-1,1294,380,132,345,1,-1,-1,-1
328,-1,1472,391,153,334,1,-1,-1,-1
328,-1,1223,387,111,331,1,-1,-1,-1
328,-1,1442,384,128,342,1,-1,-1,-1
328,-1,1156,393,102,316,1,-1,-1,-1
329,-1,1306,381,121,343,1,-1,-1,-1
329,-1,1479,392,145,338,1,-1,-1,-1
329,-1,1224,388,104,325,1,-1,-1,-1
329,-1,1151,394,104,315,1,-1,-1,-1
329,-1,1445,386,121,340,1,-1,-1,-1
329,-1,1767,458,63,178,1,-1,-1,-1
330,-1,1304,382,121,340,1,-1,-1,-1
330,-1,1474,391,147,344,1,-1,-1,-1
330,-1,1147,394,107,316,1,-1,-1,-1
330,-1,1227,390,103,322,1,-1,-1,-1
330,-1,1449,386,122,344,1,-1,-1,-1
330,-1,1763,455,65,184,1,-1,-1,-1
330,-1,1629,458,69,180,1,-1,-1,-1
331,-1,1299,384,128,340,1,-1,-1,-1
331,-1,1473,390,151,346,1,-1,-1,-1
331,-1,1145,396,113,311,1,-1,-1,-1
331,-1,1634,448,69,215,1,-1,-1,-1
331,-1,1761,458,63,182,1,-1,-1,-1
331,-1,1455,387,118,343,1,-1,-1,-1
331,-1,1218,390,106,323,1,-1,-1,-1
332,-1,1303,383,124,341,1,-1,-1,-1
332,-1,1486,395,135,338,1,-1,-1,-1
332,-1,1454,389,115,342,1,-1,-1,-1
332,-1,1755,453,68,198,1,-1,-1,-1
332,-1,1645,463,59,170,1,-1,-1,-1
332,-1,16,526,70,157,1,-1,-1,-1
333,-1,1301,382,127,339,1,-1,-1,-1
333,-1,1451,388,107,342,1,-1,-1,-1
333,-1,1496,396,125,333,1,-1,-1,-1
333,-1,1148,398,114,317,1,-1,-1,-1
333,-1,1763,454,67,196,1,-1,-1,-1
333,-1,1218,389,110,332,1,-1,-1,-1
334,-1,1298,385,132,336,1,-1,-1,-1
334,-1,1493,396,130,326,1,-1,-1,-1
334,-1,1454,390,110,333,1,-1,-1,-1
334,-1,1141,398,125,322,1,-1,-1,-1
334,-1,1215,389,117,337,1,-1,-1,-1
335,-1,1299,384,133,339,1,-1,-1,-1
335,-1,1138,396,127,332,1,-1,-1,-1
335,-1,1450,390,109,326,1,-1,-1,-1
335,-1,1496,397,129,324,1,-1,-1,-1
336,-1,1298,382,136,349,1,-1,-1,-1
336,-1,1448,390,121,331,1,-1,-1,-1
336,-1,1497,399,123,319,1,-1,-1,-1
336,-1,1764,448,70,195,1,-1,-1,-1
336,-1,1135,396,125,332,1,-1,-1,-1
336,-1,1613,429,111,286,1,-1,-1,-1
337,-1,1305,381,134,358,1,-1,-1,-1
337,-1,1438,387,120,336,1,-1,-1,-1
337,-1,1506,397,122,321,1,-1,-1,-1
337,-1,1126,398,142,338,1,-1,-1,-1
337,-1,1614,430,108,285,1,-1,-1,-1
338,-1,1299,383,145,354,1,-1,-1,-1
338,-1,1442,391,129,331,1,-1,-1,-1
338,-1,1492,397,129,316,1,-1,-1,-1
338,-1,1131,395,138,341,1,-1,-1,-1
338,-1,1756,443,77,207,1,-1,-1,-1
339,-1,1314,383,132,346,1,-1,-1,-1
339,-1,1444,390,134,327,1,-1,-1,-1
339,-1,1479,393,138,318,1,-1,-1,-1
339,-1,1127,395,141,342,1,-1,-1,-1
340,-1,1320,385,124,343,1,-1,-1,-1
340,-1,1475,391,142,324,1,-1,-1,-1
340,-1,1127,394,138,339,1,-1,-1,-1
340,-1,1617,431,117,282,1,-1,-1,-1
341,-1,1314,384,132,342,1,-1,-1,-1
341,-1,1471,392,147,320,1,-1,-1,-1
341,-1,1446,387,127,330,1,-1,-1,-1
341,-1,1129,391,137,344,1,-1,-1,-1
341,-1,1719,399,109,292,1,-1,-1,-1
342,-1,1323,384,134,343,1,-1,-1,-1
342,-1,1472,388,146,323,1,-1,-1,-1
342,-1,1132,388,127,342,1,-1,-1,-1
342,-1,1445,388,118,328,1,-1,-1,-1
342,-1,1619,430,125,287,1,-1,-1,-1
343,-1,1330,383,125,344,1,-1,-1,-1
343,-1,1480,390,137,320,1,-1,-1,-1
343,-1,1131,387,128,339,1,-1,-1,-1
343,-1,1445,388,115,328,1,-1,-1,-1
343,-1,1621,430,123,287,1,-1,-1,-1
344,-1,1337,386,119,339,1,-1,-1,-1
344,-1,1133,388,130,345,1,-1,-1,-1
344,-1,1488,392,128,318,1,-1,-1,-1
344,-1,1440,389,109,325,1,-1,-1,-1
344,-1,1765,445,61,215,1,-1,-1,-1
344,-1,1626,434,114,282,1,-1,-1,-1
344,-1,1655,467,58,161,1,-1,-1,-1
345,-1,1340,388,121,338,1,-1,-1,-1
345,-1,1494,391,120,323,1,-1,-1,-1
345,-1,1128,382,136,358,1,-1,-1,-1
345,-1,1432,389,107,327,1,-1,-1,-1
345,-1,1758,441,64,218,1,-1,-1,-1
345,-1,1626,434,110,283,1,-1,-1,-1
346,-1,1343,387,118,335,1,-1,-1,-1
346,-1,1501,394,116,319,1,-1,-1,-1
346,-1,1129,384,129,362,1,-1,-1,-1
346,-1,1435,391,101,325,1,-1,-1,-1
347,-1,1348,388,115,329,1,-1,-1,-1
347,-1,1128,386,130,355,1,-1,-1,-1
347,-1,1504,400,118,312,1,-1,-1,-1
347,-1,1424,393,102,324,1,-1,-1,-1
348,-1,1348,390,116,326,1,-1,-1,-1
348,-1,1124,391,137,355,1,-1,-1,-1
348,-1,1503,396,118,316,1,-1,-1,-1
348,-1,1717,403,102,296,1,-1,-1,-1
348,-1,1421,395,104,321,1,-1,-1,-1
349,-1,1125,391,139,356,1,-1,-1,-1
349,-1,1348,389,114,327,1,-1,-1,-1
349,-1,1500,395,122,315,1,-1,-1,-1
349,-1,1711,401,109,300,1,-1,-1,-1
349,-1,1413,393,109,320,1,-1,-1,-1
349,-1,1637,409,109,297,1,-1,-1,-1
350,-1,1356,389,115,321,1,-1,-1,-1
350,-1,1505,398,122,310,1,-1,-1,-1
350,-1,1119,389,137,360,1,-1,-1,-1
350,-1,1709,399,113,295,1,-1,-1,-1
350,-1,1399,393,118,320,1,-1,-1,-1
350,-1,1639,406,107,296,1,-1,-1,-1
351,-1,1402,393,116,315,1,-1,-1,-1
351,-1,1513,398,110,306,1,-1,-1,-1
351,-1,1119,386,142,362,1,-1,-1,-1
351,-1,1363,390,113,318,1,-1,-1,-1
351,-1,1716,400,108,278,1,-1,-1,-1
352,-1,1110,388,147,358,1,-1,-1,-1
352,-1,1508,397,116,308,1,-1,-1,-1
352,-1,1412,398,108,307,1,-1,-1,-1
352,-1,1714,401,113,300,1,-1,-1,-1
353,-1,1111,387,147,363,1,-1,-1,-1
353,-1,1511,395,111,307,1,-1,-1,-1
353,-1,1714,399,118,311,1,-1,-1,-1
353,-1,1420,397,104,308,1,-1,-1,-1
354,-1,1109,386,148,366,1,-1,-1,-1
354,-1,1511,396,113,299,1,-1,-1,-1
354,-1,1410,399,111,306,1,-1,-1,-1
354,-1,1716,402,117,310,1,-1,-1,-1
355,-1,1110,384,136,367,1,-1,-1,-1
355,-1,1514,400,108,301,1,-1,-1,-1
355,-1,1717,405,118,307,1,-1,-1,-1
355,-1,1417,402,108,302,1,-1,-1,-1
356,-1,1111,380,136,371,1,-1,-1,-1
356,-1,1514,401,111,301,1,-1,-1,-1
356,-1,1413,399,111,306,1,-1,-1,-1
356,-1,1718,404,116,306,1,-1,-1,-1
357,-1,1524,399,105,306,1,-1,-1,-1
357,-1,1104,382,136,366,1,-1,-1,-1
357,-1,1413,401,115,306,1,-1,-1,-1
357,-1,1718,402,121,307,1,-1,-1,-1
358,-1,1510,399,114,308,1,-1,-1,-1
358,-1,1410,400,117,303,1,-1,-1,-1
358,-1,1103,408,136,344,1,-1,-1,-1
358,-1,1640,453,83,197,1,-1,-1,-1
358,-1,1721,407,122,304,1,-1,-1,-1
359,-1,1512,399,115,308,1,-1,-1,-1
359,-1,1094,385,146,364,1,-1,-1,-1
359,-1,1416,402,119,304,1,-1,-1,-1
359,-1,1722,404,115,305,1,-1,-1,-1
359,-1,1636,449,84,196,1,-1,-1,-1
359,-1,18,524,71,151,1,-1,-1,-1
360,-1,1514,400,113,307,1,-1,-1,-1
360,-1,1417,400,111,305,1,-1,-1,-1
360,-1,1109,384,131,371,1,-1,-1,-1
360,-1,1649,450,86,201,1,-1,-1,-1
360,-1,1728,405,113,307,1,-1,-1,-1
361,-1,1517,400,114,304,1,-1,-1,-1
361,-1,1419,401,110,302,1,-1,-1,-1
361,-1,1102,380,143,378,1,-1,-1,-1
361,-1,1644,450,84,209,1,-1,-1,-1
361,-1,1729,407,114,303,1,-1,-1,-1
362,-1,1508,403,125,300,1,-1,-1,-1
362,-1,1420,404,112,300,1,-1,-1,-1
362,-1,1103,383,142,375,1,-1,-1,-1
362,-1,1729,404,124,304,1,-1,-1,-1
363,-1,1516,401,115,304,1,-1,-1,-1
363,-1,1426,403,108,300,1,-1,-1,-1
363,-1,1103,383,142,380,1,-1,-1,-1
363,-1,1651,449,81,194,1,-1,-1,-1
363,-1,1734,408,126,301,1,-1,-1,-1
364,-1,1517,398,120,309,1,-1,-1,-1
364,-1,1105,381,140,380,1,-1,-1,-1
364,-1,1432,404,100,299,1,-1,-1,-1
364,-1,1736,403,122,307,1,-1,-1,-1
365,-1,1516,399,122,311,1,-1,-1,-1
365,-1,1106,380,142,378,1,-1,-1,-1
365,-1,1436,403,105,302,1,-1,-1,-1
365,-1,1741,402,114,307,1,-1,-1,-1
366,-1,1522,400,118,309,1,-1,-1,-1
366,-1,1105,375,140,384,1,-1,-1,-1
366,-1,1435,403,109,303,1,-1,-1,-1
366,-1,1725,438,137,288,1,-1,-1,-1
366,-1,9,241,149,746,1,-1,-1,-1
367,-1,1525,402,118,304,1,-1,-1,-1
367,-1,1092,374,153,391,1,-1,-1,-1
367,-1,7,232,220,735,1,-1,-1,-1
367,-1,1437,400,107,302,1,-1,-1,-1
367,-1,1735,403,130,313,1,-1,-1,-1
367,-1,1670,432,62,153,1,-1,-1,-1
368,-1,1084,366,162,404,1,-1,-1,-1
368,-1,1512,405,129,298,1,-1,-1,-1
368,-1,10,240,225,729,1,-1,-1,-1
368,-1,1433,401,120,302,1,-1,-1,-1
368,-1,1737,401,131,312,1,-1,-1,-1
368,-1,1667,431,57,145,1,-1,-1,-1
369,-1,1086,367,157,403,1,-1,-1,-1
369,-1,1515,401,126,302,1,-1,-1,-1
369,-1,17,237,234,733,1,-1,-1,-1
369,-1,1443,402,113,296,1,-1,-1,-1
369,-1,1666,427,59,159,1,-1,-1,-1
370,-1,1084,363,157,414,1,-1,-1,-1
370,-1,1529,405,122,297,1,-1,-1,-1
370,-1,1441,403,105,291,1,-1,-1,-1
370,-1,52,245,237,724,1,-1,-1,-1
370,-1,1659,425,59,172,1,-1,-1,-1
371,-1,1084,365,153,413,1,-1,-1,-1
371,-1,1529,406,119,297,1,-1,-1,-1
371,-1,1440,405,109,290,1,-1,-1,-1
371,-1,1773,395,146,334,1,-1,-1,-1
371,-1,1610,406,114,288,1,-1,-1,-1
371,-1,1744,401,128,313,1,-1,-1,-1
371,-1,57,254,298,712,1,-1,-1,-1
372,-1,1082,363,152,425,1,-1,-1,-1
372,-1,62,252,321,714,1,-1,-1,-1
372,-1,1451,406,111,283,1,-1,-1,-1
372,-1,1609,406,113,292,1,-1,-1,-1
372,-1,1792,397,128,330,1,-1,-1,-1
372,-1,1519,407,115,299,1,-1,-1,-1
373,-1,45,259,359,709,1,-1,-1,-1
373,-1,1075,362,158,429,1,-1,-1,-1
373,-1,1451,403,115,283,1,-1,-1,-1
373,-1,1798,393,122,334,1,-1,-1,-1
373,-1,1514,403,115,298,1,-1,-1,-1
373,-1,1607,404,113,287,1,-1,-1,-1
374,-1,65,274,347,689,1,-1,-1,-1
374,-1,1072,358,156,429,1,-1,-1,-1
374,-1,1457,405,113,283,1,-1,-1,-1
374,-1,1606,406,122,284,1,-1,-1,-1
374,-1,1799,394,121,331,1,-1,-1,-1
374,-1,1500,407,121,293,1,-1,-1,-1
375,-1,62,270,367,687,1,-1,-1,-1
375,-1,1057,360,166,430,1,-1,-1,-1
375,-1,1453,402,109,285,1,-1,-1,-1
375,-1,1609,404,120,281,1,-1,-1,-1
375,-1,1805,391,115,340,1,-1,-1,-1
375,-1,187,298,177,519,1,-1,-1,-1
376,-1,91,272,362,680,1,-1,-1,-1
376,-1,1048,360,166,423,1,-1,-1,-1
376,-1,1461,402,109,289,1,-1,-1,-1
376,-1,1606,407,121,276,1,-1,-1,-1
376,-1,1806,392,114,339,1,-1,-1,-1
376,-1,1498,404,120,292,1,-1,-1,-1
376,-1,1731,451,73,163,1,-1,-1,-1
377,-1,159,281,310,668,1,-1,-1,-1
377,-1,1042,358,170,434,1,-1,-1,-1
377,-1,1455,402,110,287,1,-1,-1,-1
377,-1,1612,410,118,275,1,-1,-1,-1
377,-1,1496,403,116,289,1,-1,-1,-1
377,-1,1820,390,100,333,1,-1,-1,-1
377,-1,1726,444,73,183,1,-1,-1,-1
378,-1,182,294,302,644,1,-1,-1,-1
378,-1,1614,408,118,275,1,-1,-1,-1
378,-1,1040,354,168,442,1,-1,-1,-1
378,-1,1458,401,116,287,1,-1,-1,-1
378,-1,1487,404,125,287,1,-1,-1,-1
378,-1,1816,389,104,340,1,-1,-1,-1
379,-1,1622,404,120,282,1,-1,-1,-1
379,-1,1456,401,121,285,1,-1,-1,-1
379,-1,1038,351,172,446,1,-1,-1,-1
379,-1,1824,385,96,337,1,-1,-1,-1
380,-1,1619,405,124,284,1,-1,-1,-1
380,-1,1459,403,113,280,1,-1,-1,-1
380,-1,1487,403,123,285,1,-1,-1,-1
380,-1,1031,350,176,440,1,-1,-1,-1
380,-1,1826,382,94,342,1,-1,-1,-1
380,-1,1731,448,76,190,1,-1,-1,-1
381,-1,1476,403,135,285,1,-1,-1,-1
381,-1,1623,409,120,279,1,-1,-1,-1
381,-1,309,278,216,634,1,-1,-1,-1
381,-1,1731,441,77,204,1,-1,-1,-1
381,-1,1827,393,93,320,1,-1,-1,-1
381,-1,1024,349,170,447,1,-1,-1,-1
382,-1,1625,411,128,280,1,-1,-1,-1
382,-1,1482,407,134,283,1,-1,-1,-1
382,-1,1016,346,177,452,1,-1,-1,-1
382,-1,1745,441,72,205,1,-1,-1,-1
382,-1,350,278,197,624,1,-1,-1,-1
383,-1,1624,407,129,285,1,-1,-1,-1
383,-1,1009,346,178,448,1,-1,-1,-1
383,-1,1487,406,126,283,1,-1,-1,-1
383,-1,1752,442,72,204,1,-1,-1,-1
384,-1,1624,409,127,282,1,-1,-1,-1
384,-1,1489,407,128,283,1,-1,-1,-1
384,-1,1756,442,74,205,1,-1,-1,-1
384,-1,1014,344,174,456,1,-1,-1,-1
384,-1,347,280,234,611,1,-1,-1,-1
384,-1,1468,404,113,278,1,-1,-1,-1
385,-1,363,289,250,607,1,-1,-1,-1
385,-1,1631,409,130,278,1,-1,-1,-1
385,-1,1496,405,121,280,1,-1,-1,-1
385,-1,1003,343,176,457,1,-1,-1,-1
385,-1,1754,444,74,201,1,-1,-1,-1
385,-1,1837,387,83,332,1,-1,-1,-1
385,-1,1470,401,102,276,1,-1,-1,-1
386,-1,361,295,247,603,1,-1,-1,-1
386,-1,1632,407,132,282,1,-1,-1,-1
386,-1,1004,344,170,467,1,-1,-1,-1
386,-1,1499,405,119,280,1,-1,-1,-1
386,-1,1751,443,76,202,1,-1,-1,-1
387,-1,368,307,277,589,1,-1,-1,-1
387,-1,1632,403,131,284,1,-1,-1,-1
387,-1,1010,347,164,465,1,-1,-1,-1
387,-1,1508,403,112,279,1,-1,-1,-1
387,-1,1748,441,74,202,1,-1,-1,-1
388,-1,376,328,291,565,1,-1,-1,-1
388,-1,1637,405,130,283,1,-1,-1,-1
388,-1,998,346,175,464,1,-1,-1,-1
388,-1,1510,403,111,282,1,-1,-1,-1
388,-1,1751,441,71,205,1,-1,-1,-1
389,-1,990,348,179,460,1,-1,-1,-1
389,-1,1643,406,129,281,1,-1,-1,-1
389,-1,395,327,296,565,1,-1,-1,-1
389,-1,1512,405,111,280,1,-1,-1,-1
389,-1,468,308,179,518,1,-1,-1,-1
390,-1,986,341,181,471,1,-1,-1,-1
390,-1,1646,406,127,275,1,-1,-1,-1
390,-1,1517,401,107,282,1,-1,-1,-1
390,-1,483,306,176,507,1,-1,-1,-1
390,-1,1772,445,67,193,1,-1,-1,-1
391,-1,981,341,185,462,1,-1,-1,-1
391,-1,1512,401,114,281,1,-1,-1,-1
391,-1,1640,405,131,272,1,-1,-1,-1
391,-1,1769,442,71,201,1,-1,-1,-1
391,-1,483,305,182,517,1,-1,-1,-1
391,-1,1820,451,60,169,1,-1,-1,-1
392,-1,967,336,201,466,1,-1,-1,-1
392,-1,1521,403,109,277,1,-1,-1,-1
392,-1,1647,409,128,269,1,-1,-1,-1
392,-1,543,314,192,484,1,-1,-1,-1
393,-1,967,337,195,464,1,-1,-1,-1
393,-1,1518,406,113,275,1,-1,-1,-1
393,-1,1650,415,125,265,1,-1,-1,-1
393,-1,1783,447,67,198,1,-1,-1,-1
393,-1,1836,455,52,148,1,-1,-1,-1
394,-1,960,335,199,473,1,-1,-1,-1
394,-1,1524,405,113,274,1,-1,-1,-1
394,-1,1646,412,127,268,1,-1,-1,-1
394,-1,550,304,181,523,1,-1,-1,-1
394,-1,1830,451,54,155,1,-1,-1,-1
394,-1,1687,411,128,264,1,-1,-1,-1
395,-1,963,323,192,477,1,-1,-1,-1
395,-1,1534,404,108,272,1,-1,-1,-1
395,-1,561,303,192,528,1,-1,-1,-1
395,-1,1698,411,123,264,1,-1,-1,-1
395,-1,1827,452,53,156,1,-1,-1,-1
395,-1,1639,416,118,264,1,-1,-1,-1
396,-1,947,326,206,495,1,-1,-1,-1
396,-1,1536,409,111,267,1,-1,-1,-1
396,-1,1700,408,124,263,1,-1,-1,-1
396,-1,571,302,190,525,1,-1,-1,-1
397,-1,943,317,205,498,1,-1,-1,-1
397,-1,1538,405,110,274,1,-1,-1,-1
397,-1,1699,407,125,263,1,-1,-1,-1
397,-1,1820,450,62,162,1,-1,-1,-1
397,-1,1749,432,67,186,1,-1,-1,-1
398,-1,937,319,203,493,1,-1,-1,-1
398,-1,1538,411,110,268,1,-1,-1,-1
398,-1,1698,410,130,265,1,-1,-1,-1
398,-1,1823,452,60,158,1,-1,-1,-1
398,-1,604,329,182,523,1,-1,-1,-1
398,-1,17,522,75,157,1,-1,-1,-1
399,-1,1538,415,112,265,1,-1,-1,-1
399,-1,939,324,202,515,1,-1,-1,-1
399,-1,1709,411,120,265,1,-1,-1,-1
399,-1,1827,451,60,156,1,-1,-1,-1
400,-1,1540,417,115,266,1,-1,-1,-1
400,-1,1701,409,130,265,1,-1,-1,-1
400,-1,935,326,199,526,1,-1,-1,-1
400,-1,1819,455,66,154,1,-1,-1,-1
401,-1,1542,417,120,265,1,-1,-1,-1
401,-1,1703,404,128,268,1,-1,-1,-1
401,-1,1819,457,62,151,1,-1,-1,-1
401,-1,933,322,199,530,1,-1,-1,-1
402,-1,1548,417,118,266,1,-1,-1,-1
402,-1,1706,402,125,266,1,-1,-1,-1
402,-1,659,331,185,494,1,-1,-1,-1
402,-1,1821,457,63,155,1,-1,-1,-1
403,-1,1550,414,114,267,1,-1,-1,-1
403,-1,1705,407,129,260,1,-1,-1,-1
403,-1,674,334,177,475,1,-1,-1,-1
403,-1,1820,457,63,159,1,-1,-1,-1
404,-1,1705,407,130,262,1,-1,-1,-1
404,-1,676,341,185,476,1,-1,-1,-1
404,-1,1551,413,114,264,1,-1,-1,-1
404,-1,1822,459,62,152,1,-1,-1,-1
404,-1,895,309,183,523,1,-1,-1,-1
405,-1,1708,402,127,265,1,-1,-1,-1
405,-1,1555,413,105,264,1,-1,-1,-1
405,-1,706,330,170,469,1,-1,-1,-1
405,-1,1820,460,66,155,1,-1,-1,-1
405,-1,889,304,182,540,1,-1,-1,-1
406,-1,1709,402,127,266,1,-1,-1,-1
406,-1,1556,414,104,258,1,-1,-1,-1
406,-1,1827,462,59,150,1,-1,-1,-1
406,-1,879,307,186,527,1,-1,-1,-1
406,-1,711,336,165,486,1,-1,-1,-1
407,-1,1722,400,119,267,1,-1,-1,-1
407,-1,877,298,177,545,1,-1,-1,-1
407,-1,17,522,74,157,1,-1,-1,-1
408,-1,1723,402,127,265,1,-1,-1,-1
408,-1,878,289,176,558,1,-1,-1,-1
408,-1,16,521,74,160,1,-1,-1,-1
408,-1,1623,441,78,219,1,-1,-1,-1
409,-1,1721,402,138,270,1,-1,-1,-1
409,-1,15,520,77,175,1,-1,-1,-1
409,-1,865,288,188,564,1,-1,-1,-1
410,-1,1726,405,125,265,1,-1,-1,-1
410,-1,838,291,196,546,1,-1,-1,-1
410,-1,14,518,80,192,1,-1,-1,-1
411,-1,1722,402,135,270,1,-1,-1,-1
412,-1,1730,400,124,268,1,-1,-1,-1
412,-1,15,519,77,174,1,-1,-1,-1
412,-1,1631,427,68,193,1,-1,-1,-1
412,-1,772,293,250,564,1,-1,-1,-1
413,-1,1728,400,130,269,1,-1,-1,-1
413,-1,15,517,76,179,1,-1,-1,-1
413,-1,776,293,249,564,1,-1,-1,-1
413,-1,1639,427,62,190,1,-1,-1,-1
413,-1,1619,410,105,261,1,-1,-1,-1
414,-1,1743,398,126,270,1,-1,-1,-1
414,-1,778,290,244,571,1,-1,-1,-1
414,-1,15,515,76,185,1,-1,-1,-1
415,-1,1749,401,122,268,1,-1,-1,-1
415,-1,1835,411,76,204,1,-1,-1,-1
415,-1,772,288,241,572,1,-1,-1,-1
415,-1,1624,406,108,266,1,-1,-1,-1
415,-1,14,516,75,182,1,-1,-1,-1
416,-1,1746,402,127,266,1,-1,-1,-1
416,-1,770,284,250,577,1,-1,-1,-1
416,-1,1829,411,80,203,1,-1,-1,-1
416,-1,1622,406,114,267,1,-1,-1,-1
417,-1,14,518,76,180,1,-1,-1,-1
417,-1,758,283,249,576,1,-1,-1,-1
417,-1,1750,411,115,261,1,-1,-1,-1
417,-1,1840,416,69,203,1,-1,-1,-1
417,-1,1628,411,107,256,1,-1,-1,-1
418,-1,760,280,250,589,1,-1,-1,-1
418,-1,1753,406,112,266,1,-1,-1,-1
418,-1,1629,407,108,262,1,-1,-1,-1
418,-1,17,519,71,173,1,-1,-1,-1
419,-1,753,277,264,592,1,-1,-1,-1
419,-1,1751,405,113,264,1,-1,-1,-1
419,-1,1844,407,67,220,1,-1,-1,-1
419,-1,1656,421,70,215,1,-1,-1,-1
419,-1,1632,406,106,260,1,-1,-1,-1
420,-1,744,267,272,608,1,-1,-1,-1
420,-1,1749,402,117,271,1,-1,-1,-1
420,-1,1634,405,104,264,1,-1,-1,-1
421,-1,736,269,275,612,1,-1,-1,-1
421,-1,1633,405,111,267,1,-1,-1,-1
421,-1,1837,414,73,212,1,-1,-1,-1
422,-1,717,268,259,609,1,-1,-1,-1
422,-1,1831,412,80,212,1,-1,-1,-1
423,-1,700,268,258,622,1,-1,-1,-1
423,-1,1660,425,74,207,1,-1,-1,-1
423,-1,11,517,77,192,1,-1,-1,-1
423,-1,945,347,124,418,1,-1,-1,-1
424,-1,677,270,269,627,1,-1,-1,-1
424,-1,944,346,133,434,1,-1,-1,-1
425,-1,670,280,264,626,1,-1,-1,-1
425,-1,938,344,137,440,1,-1,-1,-1
425,-1,12,513,74,181,1,-1,-1,-1
425,-1,1641,407,115,261,1,-1,-1,-1
426,-1,666,282,264,625,1,-1,-1,-1
426,-1,936,350,144,428,1,-1,-1,-1
427,-1,660,281,268,630,1,-1,-1,-1
427,-1,943,349,153,409,1,-1,-1,-1
427,-1,12,513,73,193,1,-1,-1,-1
428,-1,604,255,308,670,1,-1,-1,-1
428,-1,959,357,148,407,1,-1,-1,-1
428,-1,13,518,73,173,1,-1,-1,-1
429,-1,603,254,286,672,1,-1,-1,-1
429,-1,973,359,141,407,1,-1,-1,-1
429,-1,1661,422,72,212,1,-1,-1,-1
429,-1,632,469,270,455,1,-1,-1,-1
430,-1,596,245,265,681,1,-1,-1,-1
430,-1,984,359,137,405,1,-1,-1,-1
430,-1,1653,420,76,211,1,-1,-1,-1
431,-1,584,240,260,691,1,-1,-1,-1
431,-1,1003,350,134,423,1,-1,-1,-1
431,-1,1655,423,71,203,1,-1,-1,-1
432,-1,572,233,259,698,1,-1,-1,-1
432,-1,1008,358,139,413,1,-1,-1,-1
433,-1,561,221,257,719,1,-1,-1,-1
433,-1,1023,368,132,392,1,-1,-1,-1
433,-1,1656,428,69,169,1,-1,-1,-1
434,-1,554,228,245,712,1,-1,-1,-1
434,-1,1029,367,128,394,1,-1,-1,-1
435,-1,545,224,246,726,1,-1,-1,-1
435,-1,1040,370,121,374,1,-1,-1,-1
435,-1,1814,406,106,270,1,-1,-1,-1
435,-1,1645,427,64,174,1,-1,-1,-1
435,-1,1726,425,65,204,1,-1,-1,-1
436,-1,538,222,249,744,1,-1,-1,-1
436,-1,1046,369,118,390,1,-1,-1,-1
436,-1,1726,421,69,212,1,-1,-1,-1
436,-1,1818,403,102,272,1,-1,-1,-1
437,-1,517,223,262,740,1,-1,-1,-1
437,-1,1041,368,130,393,1,-1,-1,-1
437,-1,1725,418,71,228,1,-1,-1,-1
437,-1,1815,402,105,273,1,-1,-1,-1
438,-1,509,219,262,746,1,-1,-1,-1
438,-1,1053,369,120,384,1,-1,-1,-1
438,-1,1816,397,104,279,1,-1,-1,-1
438,-1,1735,416,70,228,1,-1,-1,-1
439,-1,501,225,263,742,1,-1,-1,-1
439,-1,1814,397,106,278,1,-1,-1,-1
439,-1,1738,425,71,203,1,-1,-1,-1
439,-1,1057,370,121,383,1,-1,-1,-1
440,-1,478,229,268,746,1,-1,-1,-1
440,-1,1081,369,138,371,1,-1,-1,-1
440,-1,1721,436,94,223,1,-1,-1,-1
441,-1,460,231,280,747,1,-1,-1,-1
441,-1,1082,374,149,370,1,-1,-1,-1
441,-1,1730,438,85,215,1,-1,-1,-1
442,-1,462,228,265,757,1,-1,-1,-1
442,-1,3,263,173,677,1,-1,-1,-1
442,-1,1094,378,135,364,1,-1,-1,-1
443,-1,396,211,318,768,1,-1,-1,-1
443,-1,7,271,242,641,1,-1,-1,-1
443,-1,1100,378,148,366,1,-1,-1,-1
443,-1,1738,434,97,226,1,-1,-1,-1
444,-1,386,207,318,775,1,-1,-1,-1
444,-1,6,274,266,635,1,-1,-1,-1
444,-1,1114,380,134,359,1,-1,-1,-1
445,-1,363,202,327,788,1,-1,-1,-1
445,-1,4,281,265,627,1,-1,-1,-1
445,-1,1126,381,127,354,1,-1,-1,-1
445,-1,1832,396,88,279,1,-1,-1,-1
445,-1,1762,426,76,194,1,-1,-1,-1
446,-1,353,208,303,799,1,-1,-1,-1
446,-1,5,284,277,627,1,-1,-1,-1
446,-1,1134,379,121,350,1,-1,-1,-1
446,-1,1824,390,96,284,1,-1,-1,-1
446,-1,1753,428,82,152,1,-1,-1,-1
447,-1,322,201,323,809,1,-1,-1,-1
447,-1,5,282,279,622,1,-1,-1,-1
447,-1,1138,377,120,351,1,-1,-1,-1
447,-1,1816,389,104,287,1,-1,-1,-1
447,-1,1751,398,105,271,1,-1,-1,-1
448,-1,252,196,378,831,1,-1,-1,-1
448,-1,8,292,251,598,1,-1,-1,-1
448,-1,1142,376,126,356,1,-1,-1,-1
448,-1,1788,391,128,285,1,-1,-1,-1
448,-1,1757,399,110,270,1,-1,-1,-1
449,-1,224,202,395,824,1,-1,-1,-1
449,-1,4,294,265,618,1,-1,-1,-1
449,-1,1144,377,125,366,1,-1,-1,-1
449,-1,1788,391,127,284,1,-1,-1,-1
449,-1,1758,399,111,270,1,-1,-1,-1
449,-1,1428,458,58,181,1,-1,-1,-1
449,-1,1371,459,60,177,1,-1,-1,-1
450,-1,218,199,395,835,1,-1,-1,-1
450,-1,9,285,280,650,1,-1,-1,-1
450,-1,1781,389,136,292,1,-1,-1,-1
450,-1,1427,457,58,182,1,-1,-1,-1
450,-1,1147,375,153,346,1,-1,-1,-1
450,-1,1761,396,110,281,1,-1,-1,-1
451,-1,10,284,290,643,1,-1,-1,-1
451,-1,214,201,394,846,1,-1,-1,-1
451,-1,1784,392,134,289,1,-1,-1,-1
451,-1,1160,381,149,344,1,-1,-1,-1
451,-1,1425,459,60,179,1,-1,-1,-1
452,-1,1165,375,144,335,1,-1,-1,-1
452,-1,19,284,272,635,1,-1,-1,-1
452,-1,217,200,384,855,1,-1,-1,-1
452,-1,1778,391,138,290,1,-1,-1,-1
452,-1,1419,457,66,182,1,-1,-1,-1
453,-1,1768,389,146,290,1,-1,-1,-1
453,-1,1426,459,62,177,1,-1,-1,-1
453,-1,1186,386,131,329,1,-1,-1,-1
453,-1,134,199,423,836,1,-1,-1,-1
453,-1,70,301,206,404,1,-1,-1,-1
454,-1,159,191,389,861,1,-1,-1,-1
454,-1,1782,389,133,293,1,-1,-1,-1
454,-1,1431,456,56,179,1,-1,-1,-1
454,-1,1193,387,128,339,1,-1,-1,-1
454,-1,1366,456,55,170,1,-1,-1,-1
455,-1,122,186,391,878,1,-1,-1,-1
455,-1,1431,453,59,183,1,-1,-1,-1
455,-1,1217,381,114,338,1,-1,-1,-1
455,-1,1772,391,140,288,1,-1,-1,-1
455,-1,1379,454,52,168,1,-1,-1,-1
456,-1,124,180,351,891,1,-1,-1,-1
456,-1,1432,451,62,188,1,-1,-1,-1
456,-1,1226,383,111,330,1,-1,-1,-1
456,-1,1785,392,124,286,1,-1,-1,-1
456,-1,1765,398,104,277,1,-1,-1,-1
457,-1,121,168,331,898,1,-1,-1,-1
457,-1,1435,452,59,185,1,-1,-1,-1
457,-1,1234,383,107,332,1,-1,-1,-1
457,-1,1797,387,113,293,1,-1,-1,-1
457,-1,1761,394,103,281,1,-1,-1,-1
458,-1,103,153,331,919,1,-1,-1,-1
458,-1,1232,381,117,343,1,-1,-1,-1
458,-1,1752,400,112,276,1,-1,-1,-1
458,-1,1433,460,65,175,1,-1,-1,-1
458,-1,1796,392,109,289,1,-1,-1,-1
459,-1,73,152,338,901,1,-1,-1,-1
459,-1,1751,397,99,277,1,-1,-1,-1
459,-1,1227,383,126,345,1,-1,-1,-1
459,-1,1432,460,69,176,1,-1,-1,-1
460,-1,60,148,367,898,1,-1,-1,-1
460,-1,1735,397,124,279,1,-1,-1,-1
460,-1,1221,380,140,347,1,-1,-1,-1
460,-1,1433,458,70,178,1,-1,-1,-1
461,-1,15,151,408,927,1,-1,-1,-1
461,-1,1212,380,157,346,1,-1,-1,-1
461,-1,1741,395,110,279,1,-1,-1,-1
461,-1,1431,461,76,174,1,-1,-1,-1
462,-1,2,144,430,936,1,-1,-1,-1
462,-1,1213,379,164,340,1,-1,-1,-1
462,-1,1736,393,109,279,1,-1,-1,-1
462,-1,1433,455,84,179,1,-1,-1,-1
463,-1,0,147,385,925,1,-1,-1,-1
463,-1,1220,381,164,334,1,-1,-1,-1
463,-1,1728,398,110,274,1,-1,-1,-1
463,-1,1434,454,86,180,1,-1,-1,-1
464,-1,1733,397,108,277,1,-1,-1,-1
464,-1,1439,453,85,180,1,-1,-1,-1
464,-1,7,132,316,948,1,-1,-1,-1
464,-1,1247,390,157,310,1,-1,-1,-1
465,-1,219,298,266,610,1,-1,-1,-1
465,-1,5,121,285,947,1,-1,-1,-1
465,-1,1442,452,79,174,1,-1,-1,-1
465,-1,1730,401,106,272,1,-1,-1,-1
465,-1,1276,388,136,317,1,-1,-1,-1
465,-1,1831,414,74,216,1,-1,-1,-1
466,-1,1274,387,141,325,1,-1,-1,-1
466,-1,3,106,266,961,1,-1,-1,-1
466,-1,1443,452,78,167,1,-1,-1,-1
466,-1,1713,403,116,269,1,-1,-1,-1
466,-1,221,313,261,603,1,-1,-1,-1
467,-1,1290,386,127,325,1,-1,-1,-1
467,-1,1444,452,78,166,1,-1,-1,-1
467,-1,1,102,232,978,1,-1,-1,-1
467,-1,1645,404,130,273,1,-1,-1,-1
467,-1,1826,434,79,210,1,-1,-1,-1
468,-1,1302,387,118,324,1,-1,-1,-1
468,-1,1441,449,80,178,1,-1,-1,-1
468,-1,1825,433,80,214,1,-1,-1,-1
469,-1,1316,383,112,332,1,-1,-1,-1
469,-1,1441,448,78,182,1,-1,-1,-1
469,-1,1830,437,78,205,1,-1,-1,-1
469,-1,1641,408,114,263,1,-1,-1,-1
469,-1,1735,420,64,215,1,-1,-1,-1
469,-1,292,301,244,563,1,-1,-1,-1
470,-1,1312,379,117,339,1,-1,-1,-1
470,-1,1828,441,78,196,1,-1,-1,-1
470,-1,1730,415,70,220,1,-1,-1,-1
470,-1,1440,450,73,176,1,-1,-1,-1
470,-1,304,307,248,549,1,-1,-1,-1
470,-1,1651,423,59,210,1,-1,-1,-1
471,-1,1316,379,114,340,1,-1,-1,-1
471,-1,1743,415,66,224,1,-1,-1,-1
471,-1,1829,443,74,190,1,-1,-1,-1
471,-1,1450,448,70,179,1,-1,-1,-1
471,-1,310,306,249,543,1,-1,-1,-1
471,-1,1653,430,52,176,1,-1,-1,-1
472,-1,1327,378,113,345,1,-1,-1,-1
472,-1,1826,442,79,192,1,-1,-1,-1
472,-1,1745,413,65,220,1,-1,-1,-1
472,-1,1635,406,119,261,1,-1,-1,-1
472,-1,331,336,209,507,1,-1,-1,-1
472,-1,1451,449,69,180,1,-1,-1,-1
473,-1,1339,384,107,333,1,-1,-1,-1
473,-1,1456,449,66,178,1,-1,-1,-1
473,-1,1833,439,72,198,1,-1,-1,-1
473,-1,1754,412,64,225,1,-1,-1,-1
473,-1,337,351,221,501,1,-1,-1,-1
473,-1,1628,409,117,262,1,-1,-1,-1
474,-1,1346,385,104,333,1,-1,-1,-1
474,-1,1835,442,71,191,1,-1,-1,-1
474,-1,1457,452,61,173,1,-1,-1,-1
474,-1,1624,438,86,222,1,-1,-1,-1
474,-1,1754,415,62,212,1,-1,-1,-1
474,-1,1516,453,71,192,1,-1,-1,-1
474,-1,343,361,230,505,1,-1,-1,-1
474,-1,15,519,70,174,1,-1,-1,-1
475,-1,1345,388,116,329,1,-1,-1,-1
475,-1,340,311,266,542,1,-1,-1,-1
475,-1,1515,449,74,203,1,-1,-1,-1
475,-1,1758,414,65,200,1,-1,-1,-1
475,-1,1836,439,70,188,1,-1,-1,-1
475,-1,1445,454,62,173,1,-1,-1,-1
476,-1,345,336,289,518,1,-1,-1,-1
476,-1,1356,388,109,326,1,-1,-1,-1
476,-1,1520,446,73,211,1,-1,-1,-1
476,-1,1613,408,119,260,1,-1,-1,-1
476,-1,1755,415,67,197,1,-1,-1,-1
476,-1,1646,419,72,220,1,-1,-1,-1
476,-1,1841,421,71,205,1,-1,-1,-1
476,-1,14,516,67,179,1,-1,-1,-1
477,-1,350,338,292,513,1,-1,-1,-1
477,-1,1357,392,117,321,1,-1,-1,-1
477,-1,1520,447,78,212,1,-1,-1,-1
477,-1,1603,412,122,255,1,-1,-1,-1
477,-1,1168,466,66,174,1,-1,-1,-1
477,-1,1840,418,72,210,1,-1,-1,-1
477,-1,1762,413,63,199,1,-1,-1,-1
478,-1,355,342,287,513,1,-1,-1,-1
478,-1,1368,391,114,315,1,-1,-1,-1
478,-1,1762,413,66,200,1,-1,-1,-1
478,-1,1603,409,120,260,1,-1,-1,-1
478,-1,1836,412,77,221,1,-1,-1,-1
479,-1,364,344,282,513,1,-1,-1,-1
479,-1,1385,403,124,295,1,-1,-1,-1
479,-1,1829,413,85,218,1,-1,-1,-1
479,-1,1602,412,120,261,1,-1,-1,-1
479,-1,1179,464,65,179,1,-1,-1,-1
480,-1,1392,402,123,302,1,-1,-1,-1
480,-1,366,358,293,500,1,-1,-1,-1
480,-1,1833,415,77,211,1,-1,-1,-1
480,-1,1205,472,66,159,1,-1,-1,-1
480,-1,1179,459,63,182,1,-1,-1,-1
480,-1,1599,411,123,262,1,-1,-1,-1
480,-1,1767,417,61,189,1,-1,-1,-1
481,-1,1386,403,138,301,1,-1,-1,-1
481,-1,420,351,224,501,1,-1,-1,-1
481,-1,1838,435,69,194,1,-1,-1,-1
481,-1,11,523,72,172,1,-1,-1,-1
482,-1,1393,396,136,309,1,-1,-1,-1
482,-1,423,356,236,487,1,-1,-1,-1
482,-1,1842,418,71,210,1,-1,-1,-1
483,-1,1397,395,133,306,1,-1,-1,-1
483,-1,432,376,238,478,1,-1,-1,-1
483,-1,1538,408,121,269,1,-1,-1,-1
483,-1,1832,436,73,193,1,-1,-1,-1
483,-1,1208,466,64,166,1,-1,-1,-1
483,-1,1628,438,82,208,1,-1,-1,-1
484,-1,1392,394,139,305,1,-1,-1,-1
484,-1,439,339,226,485,1,-1,-1,-1
484,-1,1521,412,144,266,1,-1,-1,-1
484,-1,1208,466,65,165,1,-1,-1,-1
484,-1,1828,435,78,196,1,-1,-1,-1
485,-1,1212,467,69,168,1,-1,-1,-1
485,-1,1406,391,124,305,1,-1,-1,-1
485,-1,5,227,251,760,1,-1,-1,-1
485,-1,1827,439,81,194,1,-1,-1,-1
485,-1,1522,415,141,261,1,-1,-1,-1
485,-1,462,339,201,486,1,-1,-1,-1
486,-1,5,233,245,748,1,-1,-1,-1
486,-1,1421,391,109,302,1,-1,-1,-1
486,-1,1214,467,67,174,1,-1,-1,-1
486,-1,1513,409,132,267,1,-1,-1,-1
486,-1,470,337,202,482,1,-1,-1,-1
486,-1,1832,436,75,195,1,-1,-1,-1
487,-1,5,236,241,742,1,-1,-1,-1
487,-1,1218,469,71,164,1,-1,-1,-1
487,-1,1428,390,108,294,1,-1,-1,-1
487,-1,483,336,183,493,1,-1,-1,-1
487,-1,1833,437,73,190,1,-1,-1,-1
487,-1,1515,408,118,268,1,-1,-1,-1
488,-1,1225,473,72,156,1,-1,-1,-1
488,-1,11,232,238,749,1,-1,-1,-1
488,-1,1440,392,107,299,1,-1,-1,-1
488,-1,1492,401,123,279,1,-1,-1,-1
488,-1,1837,439,68,186,1,-1,-1,-1
488,-1,488,340,195,490,1,-1,-1,-1
489,-1,1228,473,72,156,1,-1,-1,-1
489,-1,18,219,236,757,1,-1,-1,-1
489,-1,1442,388,114,309,1,-1,-1,-1
489,-1,1486,396,122,288,1,-1,-1,-1
489,-1,1830,437,78,193,1,-1,-1,-1
490,-1,1228,477,78,154,1,-1,-1,-1
490,-1,30,226,243,753,1,-1,-1,-1
490,-1,1444,397,119,295,1,-1,-1,-1
490,-1,1473,404,134,283,1,-1,-1,-1
490,-1,1833,420,79,204,1,-1,-1,-1
490,-1,520,339,193,460,1,-1,-1,-1
491,-1,1238,472,64,162,1,-1,-1,-1
491,-1,1448,395,116,294,1,-1,-1,-1
491,-1,34,214,257,761,1,-1,-1,-1
491,-1,1474,400,131,285,1,-1,-1,-1
491,-1,1835,419,78,201,1,-1,-1,-1
491,-1,520,337,191,463,1,-1,-1,-1
492,-1,1231,471,78,163,1,-1,-1,-1
492,-1,1445,394,124,299,1,-1,-1,-1
492,-1,1467,410,142,277,1,-1,-1,-1
492,-1,1837,421,76,200,1,-1,-1,-1
492,-1,517,331,204,488,1,-1,-1,-1
492,-1,93,207,225,764,1,-1,-1,-1
493,-1,136,220,208,746,1,-1,-1,-1
493,-1,1456,405,155,280,1,-1,-1,-1
493,-1,1238,471,77,166,1,-1,-1,-1
493,-1,1838,421,75,197,1,-1,-1,-1
493,-1,529,336,191,484,1,-1,-1,-1
494,-1,128,218,258,757,1,-1,-1,-1
494,-1,1456,405,156,281,1,-1,-1,-1
494,-1,538,351,183,471,1,-1,-1,-1
494,-1,1237,465,72,171,1,-1,-1,-1
494,-1,1829,439,75,188,1,-1,-1,-1
495,-1,112,225,348,726,1,-1,-1,-1
495,-1,1445,398,168,286,1,-1,-1,-1
495,-1,551,351,200,475,1,-1,-1,-1
495,-1,1827,439,78,188,1,-1,-1,-1
495,-1,1241,466,80,176,1,-1,-1,-1
495,-1,1849,426,65,189,1,-1,-1,-1
496,-1,109,223,408,726,1,-1,-1,-1
496,-1,1445,395,178,291,1,-1,-1,-1
496,-1,556,349,205,472,1,-1,-1,-1
496,-1,1827,439,79,184,1,-1,-1,-1
497,-1,118,214,434,751,1,-1,-1,-1
497,-1,1456,393,163,290,1,-1,-1,-1
497,-1,562,355,211,467,1,-1,-1,-1
497,-1,1828,442,76,182,1,-1,-1,-1
498,-1,131,244,438,729,1,-1,-1,-1
498,-1,1472,394,147,282,1,-1,-1,-1
498,-1,572,358,201,482,1,-1,-1,-1
498,-1,1837,448,66,175,1,-1,-1,-1
498,-1,1648,465,64,136,1,-1,-1,-1
498,-1,1452,400,107,275,1,-1,-1,-1
499,-1,131,257,445,716,1,-1,-1,-1
499,-1,1490,395,128,285,1,-1,-1,-1
499,-1,578,360,194,465,1,-1,-1,-1
499,-1,1837,449,67,173,1,-1,-1,-1
499,-1,1647,462,70,147,1,-1,-1,-1
499,-1,1447,406,97,272,1,-1,-1,-1
500,-1,151,263,435,704,1,-1,-1,-1
500,-1,1507,395,120,282,1,-1,-1,-1
500,-1,1835,449,73,176,1,-1,-1,-1
500,-1,1652,466,68,145,1,-1,-1,-1
500,-1,584,351,185,476,1,-1,-1,-1
500,-1,1317,456,71,189,1,-1,-1,-1
501,-1,195,263,390,691,1,-1,-1,-1
501,-1,1503,394,120,285,1,-1,-1,-1
501,-1,1837,449,71,176,1,-1,-1,-1
501,-1,1650,468,69,144,1,-1,-1,-1
501,-1,1330,453,67,193,1,-1,-1,-1
501,-1,591,349,184,474,1,-1,-1,-1
502,-1,243,279,341,657,1,-1,-1,-1
502,-1,1502,399,126,278,1,-1,-1,-1
502,-1,1836,452,72,172,1,-1,-1,-1
502,-1,1645,461,71,153,1,-1,-1,-1
502,-1,1324,450,76,199,1,-1,-1,-1
502,-1,1439,417,102,260,1,-1,-1,-1
503,-1,1499,399,137,285,1,-1,-1,-1
503,-1,289,279,297,653,1,-1,-1,-1
503,-1,1835,455,73,168,1,-1,-1,-1
503,-1,1440,414,104,265,1,-1,-1,-1
503,-1,1326,450,78,202,1,-1,-1,-1
503,-1,1637,466,79,155,1,-1,-1,-1
503,-1,624,345,212,460,1,-1,-1,-1
504,-1,1491,404,152,275,1,-1,-1,-1
504,-1,631,344,206,461,1,-1,-1,-1
504,-1,330,254,241,664,1,-1,-1,-1
504,-1,1646,461,79,164,1,-1,-1,-1
504,-1,1836,447,70,177,1,-1,-1,-1
504,-1,1426,420,118,258,1,-1,-1,-1
504,-1,1323,449,80,204,1,-1,-1,-1
505,-1,365,247,242,664,1,-1,-1,-1
505,-1,1519,413,128,269,1,-1,-1,-1
505,-1,632,335,193,480,1,-1,-1,-1
505,-1,1643,458,78,165,1,-1,-1,-1
505,-1,1336,457,76,198,1,-1,-1,-1
505,-1,1410,449,87,210,1,-1,-1,-1
505,-1,1837,446,69,177,1,-1,-1,-1
506,-1,1524,413,130,273,1,-1,-1,-1
506,-1,389,240,233,676,1,-1,-1,-1
506,-1,630,326,197,480,1,-1,-1,-1
506,-1,1844,446,61,175,1,-1,-1,-1
506,-1,1658,459,69,159,1,-1,-1,-1
506,-1,1417,450,86,203,1,-1,-1,-1
506,-1,1339,458,79,196,1,-1,-1,-1
507,-1,632,334,204,471,1,-1,-1,-1
507,-1,1531,416,124,266,1,-1,-1,-1
507,-1,416,255,243,656,1,-1,-1,-1
507,-1,1418,442,88,212,1,-1,-1,-1
507,-1,1653,450,71,171,1,-1,-1,-1
507,-1,1849,448,56,173,1,-1,-1,-1
507,-1,1340,450,83,206,1,-1,-1,-1
508,-1,646,340,186,472,1,-1,-1,-1
508,-1,1540,415,125,260,1,-1,-1,-1
508,-1,1848,446,57,172,1,-1,-1,-1
508,-1,1432,446,77,206,1,-1,-1,-1
508,-1,413,272,283,643,1,-1,-1,-1
508,-1,1352,447,81,209,1,-1,-1,-1
509,-1,657,345,172,459,1,-1,-1,-1
509,-1,1537,402,125,272,1,-1,-1,-1
509,-1,463,280,267,628,1,-1,-1,-1
509,-1,1427,444,76,210,1,-1,-1,-1
509,-1,1846,446,60,173,1,-1,-1,-1
509,-1,20,519,62,158,1,-1,-1,-1
509,-1,1654,456,70,169,1,-1,-1,-1
510,-1,457,282,299,623,1,-1,-1,-1
510,-1,681,337,172,454,1,-1,-1,-1
510,-1,1539,412,128,264,1,-1,-1,-1
510,-1,1849,447,55,173,1,-1,-1,-1
510,-1,1657,454,71,163,1,-1,-1,-1
511,-1,459,282,314,622,1,-1,-1,-1
511,-1,1547,415,121,257,1,-1,-1,-1
511,-1,694,335,169,463,1,-1,-1,-1
511,-1,1657,456,68,170,1,-1,-1,-1
511,-1,1854,453,51,165,1,-1,-1,-1
511,-1,16,518,68,174,1,-1,-1,-1
511,-1,1433,446,67,204,1,-1,-1,-1
511,-1,1357,444,90,215,1,-1,-1,-1
512,-1,457,272,324,634,1,-1,-1,-1
512,-1,1547,411,113,260,1,-1,-1,-1
512,-1,1652,449,69,174,1,-1,-1,-1
512,-1,1427,442,72,214,1,-1,-1,-1
512,-1,1851,448,53,169,1,-1,-1,-1
512,-1,15,524,68,168,1,-1,-1,-1
512,-1,1357,446,85,213,1,-1,-1,-1
513,-1,480,267,306,638,1,-1,-1,-1
513,-1,1644,447,74,188,1,-1,-1,-1
513,-1,1341,452,102,208,1,-1,-1,-1
513,-1,1426,448,75,207,1,-1,-1,-1
513,-1,1555,415,117,255,1,-1,-1,-1
513,-1,16,527,68,159,1,-1,-1,-1
514,-1,514,266,277,635,1,-1,-1,-1
514,-1,1343,448,92,207,1,-1,-1,-1
514,-1,1427,447,76,201,1,-1,-1,-1
514,-1,1851,406,60,204,1,-1,-1,-1
515,-1,558,271,252,609,1,-1,-1,-1
515,-1,1632,445,86,195,1,-1,-1,-1
515,-1,1339,451,92,205,1,-1,-1,-1
515,-1,14,520,67,172,1,-1,-1,-1
515,-1,1427,449,74,202,1,-1,-1,-1
516,-1,588,268,236,609,1,-1,-1,-1
516,-1,1329,450,88,211,1,-1,-1,-1
516,-1,1625,454,91,190,1,-1,-1,-1
516,-1,12,521,71,183,1,-1,-1,-1
517,-1,619,254,240,626,1,-1,-1,-1
517,-1,1330,453,88,205,1,-1,-1,-1
517,-1,13,520,70,187,1,-1,-1,-1
517,-1,1630,451,90,195,1,-1,-1,-1
518,-1,1339,448,85,210,1,-1,-1,-1
518,-1,1624,448,100,207,1,-1,-1,-1
518,-1,13,521,68,184,1,-1,-1,-1
518,-1,1424,459,60,193,1,-1,-1,-1
518,-1,122,534,62,120,1,-1,-1,-1
519,-1,1333,452,83,207,1,-1,-1,-1
519,-1,1421,459,60,195,1,-1,-1,-1
519,-1,1619,446,100,208,1,-1,-1,-1
519,-1,15,524,65,169,1,-1,-1,-1
519,-1,122,534,62,125,1,-1,-1,-1
520,-1,1341,453,68,206,1,-1,-1,-1
520,-1,1425,462,58,193,1,-1,-1,-1
520,-1,17,522,65,165,1,-1,-1,-1
520,-1,1626,443,103,215,1,-1,-1,-1
521,-1,1416,455,65,193,1,-1,-1,-1
521,-1,1330,451,79,206,1,-1,-1,-1
521,-1,1621,437,100,218,1,-1,-1,-1
521,-1,17,529,64,157,1,-1,-1,-1
521,-1,1846,378,72,315,1,-1,-1,-1
521,-1,680,281,232,593,1,-1,-1,-1
522,-1,682,292,266,583,1,-1,-1,-1
522,-1,1333,445,78,213,1,-1,-1,-1
522,-1,1431,448,64,201,1,-1,-1,-1
522,-1,16,526,65,159,1,-1,-1,-1
522,-1,1848,379,69,311,1,-1,-1,-1
523,-1,694,297,279,572,1,-1,-1,-1
523,-1,1431,451,67,196,1,-1,-1,-1
523,-1,1335,447,82,202,1,-1,-1,-1
523,-1,1840,378,78,310,1,-1,-1,-1
523,-1,1625,431,94,222,1,-1,-1,-1
523,-1,17,534,63,146,1,-1,-1,-1
524,-1,697,296,280,574,1,-1,-1,-1
524,-1,1439,458,66,190,1,-1,-1,-1
524,-1,1326,452,83,200,1,-1,-1,-1
524,-1,1835,378,82,311,1,-1,-1,-1
524,-1,17,524,67,166,1,-1,-1,-1
524,-1,1626,427,93,228,1,-1,-1,-1
525,-1,707,297,278,570,1,-1,-1,-1
525,-1,1438,455,64,193,1,-1,-1,-1
525,-1,1328,449,81,204,1,-1,-1,-1
525,-1,1836,379,82,309,1,-1,-1,-1
525,-1,1627,426,93,228,1,-1,-1,-1
525,-1,15,524,70,184,1,-1,-1,-1
