1,-1,1377,509,30,82,1,-1,-1,-1
1,-1,1481,512,27,68,1,-1,-1,-1
2,-1,227,575,52,163,1,-1,-1,-1
2,-1,1376,502,30,88,1,-1,-1,-1
2,-1,1637,562,47,111,1,-1,-1,-1
3,-1,1636,549,52,121,1,-1,-1,-1
3,-1,236,592,47,152,1,-1,-1,-1
3,-1,1379,501,30,95,1,-1,-1,-1
4,-1,1375,488,34,121,1,-1,-1,-1
4,-1,1489,496,27,79,1,-1,-1,-1
5,-1,1377,500,32,103,1,-1,-1,-1
5,-1,1493,508,23,71,1,-1,-1,-1
6,-1,1660,575,55,120,1,-1,-1,-1
6,-1,1492,519,26,58,1,-1,-1,-1
7,-1,1494,512,23,71,1,-1,-1,-1
7,-1,1380,505,30,100,1,-1,-1,-1
8,-1,1672,588,55,113,1,-1,-1,-1
8,-1,1483,514,23,66,1,-1,-1,-1
9,-1,1677,587,58,123,1,-1,-1,-1
9,-1,1392,542,31,87,1,-1,-1,-1
10,-1,1677,605,53,121,1,-1,-1,-1
10,-1,1396,536,32,103,1,-1,-1,-1
11,-1,1674,588,64,121,1,-1,-1,-1
12,-1,1679,591,54,123,1,-1,-1,-1
12,-1,1402,542,32,91,1,-1,-1,-1
12,-1,483,531,35,123,1,-1,-1,-1
13,-1,1676,588,52,128,1,-1,-1,-1
13,-1,1489,527,30,57,1,-1,-1,-1
14,-1,1718,579,58,128,1,-1,-1,-1
14,-1,1668,582,58,131,1,-1,-1,-1
14,-1,1488,518,34,67,1,-1,-1,-1
15,-1,1728,588,56,128,1,-1,-1,-1
15,-1,1482,521,40,60,1,-1,-1,-1
15,-1,1375,515,27,62,1,-1,-1,-1
15,-1,1638,595,55,127,1,-1,-1,-1
16,-1,1733,590,50,113,1,-1,-1,-1
16,-1,1446,539,36,89,1,-1,-1,-1
16,-1,1639,597,49,123,1,-1,-1,-1
17,-1,1731,587,59,137,1,-1,-1,-1
18,-1,1735,596,55,127,1,-1,-1,-1
18,-1,1436,546,41,90,1,-1,-1,-1
18,-1,1556,543,32,76,1,-1,-1,-1
19,-1,1746,597,54,125,1,-1,-1,-1
19,-1,469,520,43,125,1,-1,-1,-1
19,-1,1436,543,37,87,1,-1,-1,-1
20,-1,1753,594,56,131,1,-1,-1,-1
20,-1,1442,542,36,92,1,-1,-1,-1
20,-1,1350,555,37,70,1,-1,-1,-1
21,-1,1762,601,59,126,1,-1,-1,-1
21,-1,1440,543,43,91,1,-1,-1,-1
21,-1,474,539,40,111,1,-1,-1,-1
21,-1,1680,605,55,122,1,-1,-1,-1
22,-1,1440,546,40,93,1,-1,-1,-1
22,-1,1773,600,57,130,1,-1,-1,-1
22,-1,1678,605,58,125,1,-1,-1,-1
22,-1,476,544,38,110,1,-1,-1,-1
23,-1,1441,546,43,91,1,-1,-1,-1
23,-1,1775,604,60,131,1,-1,-1,-1
23,-1,464,545,40,111,1,-1,-1,-1
24,-1,1442,536,39,103,1,-1,-1,-1
24,-1,464,550,42,110,1,-1,-1,-1
24,-1,1783,599,57,134,1,-1,-1,-1
24,-1,1364,545,35,79,1,-1,-1,-1
25,-1,1435,547,45,96,1,-1,-1,-1
25,-1,460,557,41,104,1,-1,-1,-1
25,-1,1339,562,42,68,1,-1,-1,-1
26,-1,1444,548,40,101,1,-1,-1,-1
26,-1,1813,611,58,117,1,-1,-1,-1
26,-1,1337,561,41,68,1,-1,-1,-1
27,-1,451,548,48,114,1,-1,-1,-1
27,-1,1441,550,40,97,1,-1,-1,-1
27,-1,1823,610,55,120,1,-1,-1,-1
28,-1,1451,544,43,106,1,-1,-1,-1
28,-1,454,546,42,118,1,-1,-1,-1
28,-1,1829,621,56,144,1,-1,-1,-1
29,-1,1439,541,52,121,1,-1,-1,-1
29,-1,1832,618,65,155,1,-1,-1,-1
29,-1,1341,563,44,76,1,-1,-1,-1
29,-1,448,543,39,119,1,-1,-1,-1
29,-1,1577,541,27,76,1,-1,-1,-1
29,-1,1730,630,56,133,1,-1,-1,-1
29,-1,1294,561,32,60,1,-1,-1,-1
30,-1,1843,621,63,150,1,-1,-1,-1
30,-1,1448,544,44,124,1,-1,-1,-1
30,-1,1737,627,61,135,1,-1,-1,-1
30,-1,1587,543,27,79,1,-1,-1,-1
30,-1,1332,571,49,68,1,-1,-1,-1
30,-1,449,540,39,130,1,-1,-1,-1
31,-1,1860,628,48,138,1,-1,-1,-1
31,-1,1761,634,54,125,1,-1,-1,-1
31,-1,1468,550,34,118,1,-1,-1,-1
32,-1,1763,638,64,128,1,-1,-1,-1
32,-1,1866,636,48,138,1,-1,-1,-1
32,-1,1463,544,43,134,1,-1,-1,-1
32,-1,634,536,34,95,1,-1,-1,-1
33,-1,1466,537,51,133,1,-1,-1,-1
33,-1,1770,628,65,141,1,-1,-1,-1
33,-1,1877,626,43,141,1,-1,-1,-1
34,-1,1775,628,60,146,1,-1,-1,-1
34,-1,1467,542,46,128,1,-1,-1,-1
35,-1,1770,624,69,155,1,-1,-1,-1
35,-1,1465,536,47,135,1,-1,-1,-1
36,-1,1466,530,52,135,1,-1,-1,-1
36,-1,648,543,28,78,1,-1,-1,-1
36,-1,1588,517,32,80,1,-1,-1,-1
36,-1,1593,533,34,88,1,-1,-1,-1
36,-1,1821,631,66,135,1,-1,-1,-1
37,-1,1467,537,51,133,1,-1,-1,-1
37,-1,1806,628,82,152,1,-1,-1,-1
37,-1,1588,520,31,74,1,-1,-1,-1
38,-1,1472,544,48,120,1,-1,-1,-1
38,-1,1812,628,85,157,1,-1,-1,-1
38,-1,1589,516,29,62,1,-1,-1,-1
39,-1,1474,545,47,127,1,-1,-1,-1
39,-1,1593,517,29,72,1,-1,-1,-1
39,-1,1824,631,79,157,1,-1,-1,-1
39,-1,643,506,32,94,1,-1,-1,-1
40,-1,1472,544,49,122,1,-1,-1,-1
40,-1,1834,631,74,164,1,-1,-1,-1
40,-1,1592,514,26,66,1,-1,-1,-1
41,-1,1481,543,49,126,1,-1,-1,-1
41,-1,1586,512,33,76,1,-1,-1,-1
41,-1,441,523,49,132,1,-1,-1,-1
42,-1,448,526,49,133,1,-1,-1,-1
42,-1,773,511,25,55,1,-1,-1,-1
42,-1,1591,514,29,71,1,-1,-1,-1
42,-1,374,522,44,143,1,-1,-1,-1
43,-1,453,537,46,121,1,-1,-1,-1
45,-1,446,524,47,134,1,-1,-1,-1
46,-1,1538,530,49,136,1,-1,-1,-1
46,-1,654,502,27,85,1,-1,-1,-1
46,-1,773,500,24,60,1,-1,-1,-1
47,-1,1537,543,46,123,1,-1,-1,-1
47,-1,452,529,45,126,1,-1,-1,-1
48,-1,1538,547,46,133,1,-1,-1,-1
48,-1,1361,576,43,72,1,-1,-1,-1
48,-1,777,504,23,61,1,-1,-1,-1
50,-1,1537,554,45,124,1,-1,-1,-1
50,-1,438,541,49,125,1,-1,-1,-1
51,-1,446,546,46,122,1,-1,-1,-1
51,-1,364,537,40,126,1,-1,-1,-1
51,-1,1536,570,53,132,1,-1,-1,-1
51,-1,578,541,32,85,1,-1,-1,-1
51,-1,1369,581,43,66,1,-1,-1,-1
52,-1,1370,580,38,71,1,-1,-1,-1
52,-1,581,539,31,88,1,-1,-1,-1
52,-1,451,540,44,126,1,-1,-1,-1
52,-1,1670,554,30,72,1,-1,-1,-1
52,-1,356,535,41,124,1,-1,-1,-1
53,-1,454,550,45,122,1,-1,-1,-1
53,-1,582,550,29,78,1,-1,-1,-1
53,-1,1369,578,39,71,1,-1,-1,-1
53,-1,1563,564,33,96,1,-1,-1,-1
53,-1,358,540,37,118,1,-1,-1,-1
53,-1,1669,559,28,65,1,-1,-1,-1
54,-1,457,543,46,123,1,-1,-1,-1
54,-1,579,548,34,83,1,-1,-1,-1
55,-1,448,546,44,123,1,-1,-1,-1
55,-1,1556,565,57,142,1,-1,-1,-1
55,-1,575,545,31,85,1,-1,-1,-1
55,-1,353,544,40,119,1,-1,-1,-1
56,-1,448,551,43,114,1,-1,-1,-1
56,-1,577,546,32,86,1,-1,-1,-1
56,-1,1564,565,56,146,1,-1,-1,-1
56,-1,1378,575,35,71,1,-1,-1,-1
56,-1,354,548,37,112,1,-1,-1,-1
57,-1,438,548,45,121,1,-1,-1,-1
57,-1,338,542,46,125,1,-1,-1,-1
57,-1,1568,561,56,145,1,-1,-1,-1
57,-1,1381,568,40,81,1,-1,-1,-1
57,-1,774,506,23,60,1,-1,-1,-1
57,-1,1469,514,23,53,1,-1,-1,-1
58,-1,1567,561,57,147,1,-1,-1,-1
58,-1,442,539,45,123,1,-1,-1,-1
58,-1,1380,575,39,75,1,-1,-1,-1
58,-1,340,530,41,135,1,-1,-1,-1
58,-1,573,539,33,92,1,-1,-1,-1
59,-1,1573,576,50,126,1,-1,-1,-1
59,-1,441,536,43,119,1,-1,-1,-1
59,-1,1381,578,36,70,1,-1,-1,-1
59,-1,769,501,24,63,1,-1,-1,-1
59,-1,572,540,35,90,1,-1,-1,-1
59,-1,346,529,40,130,1,-1,-1,-1
60,-1,1569,562,57,148,1,-1,-1,-1
60,-1,1386,570,38,80,1,-1,-1,-1
60,-1,571,532,32,95,1,-1,-1,-1
61,-1,1393,570,39,82,1,-1,-1,-1
61,-1,569,540,34,91,1,-1,-1,-1
61,-1,442,535,44,120,1,-1,-1,-1
61,-1,340,526,41,136,1,-1,-1,-1
62,-1,568,540,34,89,1,-1,-1,-1
62,-1,1582,565,56,145,1,-1,-1,-1
62,-1,345,541,43,122,1,-1,-1,-1
62,-1,443,536,43,119,1,-1,-1,-1
62,-1,1387,575,41,75,1,-1,-1,-1
63,-1,342,536,41,143,1,-1,-1,-1
63,-1,563,543,35,98,1,-1,-1,-1
63,-1,450,548,39,120,1,-1,-1,-1
64,-1,1382,577,37,70,1,-1,-1,-1
64,-1,1600,581,49,132,1,-1,-1,-1
64,-1,439,529,43,126,1,-1,-1,-1
65,-1,1603,574,49,140,1,-1,-1,-1
65,-1,568,539,35,98,1,-1,-1,-1
65,-1,444,533,42,132,1,-1,-1,-1
65,-1,349,522,44,157,1,-1,-1,-1
66,-1,444,542,42,134,1,-1,-1,-1
66,-1,350,535,45,155,1,-1,-1,-1
66,-1,563,535,36,112,1,-1,-1,-1
66,-1,1393,574,40,78,1,-1,-1,-1
67,-1,557,538,36,95,1,-1,-1,-1
67,-1,452,533,40,117,1,-1,-1,-1
67,-1,1621,584,59,137,1,-1,-1,-1
67,-1,354,526,47,144,1,-1,-1,-1
67,-1,261,526,51,146,1,-1,-1,-1
67,-1,1391,576,34,71,1,-1,-1,-1
68,-1,1621,568,60,145,1,-1,-1,-1
68,-1,356,542,48,143,1,-1,-1,-1
68,-1,457,544,37,109,1,-1,-1,-1
68,-1,560,545,36,99,1,-1,-1,-1
68,-1,263,535,51,151,1,-1,-1,-1
68,-1,1392,577,36,69,1,-1,-1,-1
69,-1,1628,578,56,147,1,-1,-1,-1
69,-1,558,547,38,93,1,-1,-1,-1
69,-1,359,536,48,145,1,-1,-1,-1
69,-1,464,545,36,96,1,-1,-1,-1
69,-1,253,530,51,155,1,-1,-1,-1
70,-1,1626,570,62,154,1,-1,-1,-1
70,-1,555,544,36,96,1,-1,-1,-1
70,-1,465,547,34,99,1,-1,-1,-1
70,-1,359,541,48,142,1,-1,-1,-1
70,-1,252,530,50,156,1,-1,-1,-1
71,-1,452,545,36,100,1,-1,-1,-1
71,-1,548,542,40,100,1,-1,-1,-1
71,-1,352,541,49,140,1,-1,-1,-1
71,-1,1634,572,59,154,1,-1,-1,-1
71,-1,1274,509,23,49,1,-1,-1,-1
72,-1,451,545,33,94,1,-1,-1,-1
72,-1,546,542,36,95,1,-1,-1,-1
72,-1,363,529,46,153,1,-1,-1,-1
72,-1,1285,516,18,43,1,-1,-1,-1
72,-1,1640,574,54,148,1,-1,-1,-1
73,-1,440,543,39,93,1,-1,-1,-1
73,-1,1643,572,59,163,1,-1,-1,-1
73,-1,336,528,51,151,1,-1,-1,-1
73,-1,540,538,41,101,1,-1,-1,-1
73,-1,1289,513,20,51,1,-1,-1,-1
73,-1,1478,503,25,66,1,-1,-1,-1
74,-1,449,545,36,92,1,-1,-1,-1
74,-1,1647,569,58,157,1,-1,-1,-1
74,-1,540,541,43,103,1,-1,-1,-1
74,-1,346,535,47,143,1,-1,-1,-1
75,-1,1651,569,59,165,1,-1,-1,-1
75,-1,540,540,41,103,1,-1,-1,-1
75,-1,459,545,38,93,1,-1,-1,-1
75,-1,336,525,49,155,1,-1,-1,-1
75,-1,1587,522,21,49,1,-1,-1,-1
75,-1,1284,512,23,50,1,-1,-1,-1
76,-1,1657,566,58,175,1,-1,-1,-1
76,-1,532,534,44,110,1,-1,-1,-1
76,-1,452,540,38,98,1,-1,-1,-1
76,-1,1587,517,26,55,1,-1,-1,-1
76,-1,1281,510,22,53,1,-1,-1,-1
76,-1,342,522,49,150,1,-1,-1,-1
77,-1,1654,571,65,175,1,-1,-1,-1
77,-1,459,544,36,89,1,-1,-1,-1
77,-1,534,533,44,113,1,-1,-1,-1
77,-1,1586,521,27,50,1,-1,-1,-1
77,-1,347,527,48,146,1,-1,-1,-1
78,-1,1659,572,65,176,1,-1,-1,-1
78,-1,356,527,51,152,1,-1,-1,-1
78,-1,454,542,35,96,1,-1,-1,-1
78,-1,1586,516,29,60,1,-1,-1,-1
78,-1,527,535,44,110,1,-1,-1,-1
78,-1,246,521,45,151,1,-1,-1,-1
79,-1,1656,577,76,172,1,-1,-1,-1
79,-1,360,535,47,138,1,-1,-1,-1
79,-1,467,546,40,95,1,-1,-1,-1
79,-1,1587,518,26,55,1,-1,-1,-1
79,-1,521,532,43,113,1,-1,-1,-1
79,-1,1388,609,42,63,1,-1,-1,-1
80,-1,1661,569,71,175,1,-1,-1,-1
80,-1,462,549,43,102,1,-1,-1,-1
80,-1,365,538,49,136,1,-1,-1,-1
80,-1,1583,517,28,57,1,-1,-1,-1
80,-1,1188,514,21,47,1,-1,-1,-1
80,-1,519,530,47,121,1,-1,-1,-1
80,-1,760,503,26,55,1,-1,-1,-1
81,-1,466,545,41,102,1,-1,-1,-1
81,-1,1659,563,74,184,1,-1,-1,-1
81,-1,371,535,43,130,1,-1,-1,-1
81,-1,1582,517,28,57,1,-1,-1,-1
81,-1,155,537,49,154,1,-1,-1,-1
81,-1,256,531,46,148,1,-1,-1,-1
82,-1,459,546,44,102,1,-1,-1,-1
82,-1,1660,564,74,190,1,-1,-1,-1
82,-1,373,541,44,125,1,-1,-1,-1
82,-1,1290,506,22,53,1,-1,-1,-1
82,-1,1580,514,27,61,1,-1,-1,-1
82,-1,1179,510,26,55,1,-1,-1,-1
82,-1,761,498,25,59,1,-1,-1,-1
83,-1,1660,568,75,185,1,-1,-1,-1
83,-1,458,543,47,108,1,-1,-1,-1
83,-1,1580,514,28,57,1,-1,-1,-1
83,-1,142,512,56,178,1,-1,-1,-1
83,-1,1489,501,25,68,1,-1,-1,-1
83,-1,371,542,47,130,1,-1,-1,-1
84,-1,453,546,44,109,1,-1,-1,-1
84,-1,1661,563,75,195,1,-1,-1,-1
84,-1,244,522,54,165,1,-1,-1,-1
84,-1,141,533,50,155,1,-1,-1,-1
84,-1,1581,513,26,60,1,-1,-1,-1
84,-1,373,546,44,125,1,-1,-1,-1
84,-1,1379,610,45,71,1,-1,-1,-1
84,-1,1288,503,23,55,1,-1,-1,-1
84,-1,760,505,22,54,1,-1,-1,-1
85,-1,453,548,47,105,1,-1,-1,-1
85,-1,1658,568,80,191,1,-1,-1,-1
85,-1,371,553,41,109,1,-1,-1,-1
85,-1,241,531,50,156,1,-1,-1,-1
85,-1,1581,514,26,62,1,-1,-1,-1
85,-1,1488,503,25,67,1,-1,-1,-1
85,-1,1174,511,25,51,1,-1,-1,-1
85,-1,136,538,44,145,1,-1,-1,-1
86,-1,450,547,45,108,1,-1,-1,-1
86,-1,1660,566,79,196,1,-1,-1,-1
86,-1,366,549,40,108,1,-1,-1,-1
86,-1,226,537,51,154,1,-1,-1,-1
86,-1,134,541,47,145,1,-1,-1,-1
86,-1,1581,516,23,55,1,-1,-1,-1
87,-1,1664,572,76,191,1,-1,-1,-1
87,-1,448,548,44,111,1,-1,-1,-1
87,-1,358,553,38,108,1,-1,-1,-1
87,-1,228,539,48,153,1,-1,-1,-1
87,-1,1581,518,26,56,1,-1,-1,-1
87,-1,144,539,40,144,1,-1,-1,-1
87,-1,1284,507,22,49,1,-1,-1,-1
87,-1,1492,509,22,62,1,-1,-1,-1
88,-1,1666,573,77,193,1,-1,-1,-1
88,-1,444,549,44,111,1,-1,-1,-1
88,-1,369,552,40,105,1,-1,-1,-1
88,-1,1577,518,25,57,1,-1,-1,-1
88,-1,1382,616,37,74,1,-1,-1,-1
88,-1,1489,517,20,55,1,-1,-1,-1
88,-1,1281,510,19,48,1,-1,-1,-1
89,-1,1669,576,77,191,1,-1,-1,-1
89,-1,441,547,46,115,1,-1,-1,-1
89,-1,367,551,42,109,1,-1,-1,-1
89,-1,1381,623,40,70,1,-1,-1,-1
89,-1,1575,519,25,59,1,-1,-1,-1
89,-1,1179,520,22,45,1,-1,-1,-1
90,-1,435,547,46,116,1,-1,-1,-1
90,-1,1383,622,36,71,1,-1,-1,-1
90,-1,362,546,42,115,1,-1,-1,-1
90,-1,226,535,51,163,1,-1,-1,-1
90,-1,1679,584,67,180,1,-1,-1,-1
90,-1,1576,520,24,54,1,-1,-1,-1
90,-1,128,533,48,159,1,-1,-1,-1
91,-1,431,548,44,124,1,-1,-1,-1
91,-1,372,552,38,109,1,-1,-1,-1
91,-1,1374,626,46,68,1,-1,-1,-1
91,-1,1579,519,22,56,1,-1,-1,-1
91,-1,1681,578,66,188,1,-1,-1,-1
92,-1,428,551,42,123,1,-1,-1,-1
92,-1,373,560,35,100,1,-1,-1,-1
92,-1,1576,520,23,63,1,-1,-1,-1
92,-1,1369,627,52,73,1,-1,-1,-1
92,-1,243,571,58,138,1,-1,-1,-1
92,-1,1287,515,19,47,1,-1,-1,-1
93,-1,238,564,58,143,1,-1,-1,-1
93,-1,1575,520,24,63,1,-1,-1,-1
93,-1,1710,613,77,169,1,-1,-1,-1
93,-1,367,564,36,98,1,-1,-1,-1
93,-1,1169,514,18,45,1,-1,-1,-1
93,-1,1370,626,51,79,1,-1,-1,-1
93,-1,1502,524,21,56,1,-1,-1,-1
94,-1,1712,610,77,178,1,-1,-1,-1
94,-1,1380,629,39,72,1,-1,-1,-1
94,-1,234,562,58,149,1,-1,-1,-1
95,-1,1714,612,76,182,1,-1,-1,-1
95,-1,366,563,41,107,1,-1,-1,-1
95,-1,235,561,57,148,1,-1,-1,-1
95,-1,1168,509,18,51,1,-1,-1,-1
95,-1,1572,524,23,61,1,-1,-1,-1
95,-1,1284,517,19,46,1,-1,-1,-1
95,-1,1503,530,20,53,1,-1,-1,-1
96,-1,363,555,43,123,1,-1,-1,-1
96,-1,1164,513,18,55,1,-1,-1,-1
96,-1,1280,513,19,52,1,-1,-1,-1
96,-1,1496,520,21,61,1,-1,-1,-1
96,-1,1712,603,81,190,1,-1,-1,-1
96,-1,1574,520,23,62,1,-1,-1,-1
96,-1,1380,629,40,75,1,-1,-1,-1
97,-1,360,552,46,127,1,-1,-1,-1
97,-1,1161,512,18,57,1,-1,-1,-1
97,-1,1374,629,40,74,1,-1,-1,-1
97,-1,1287,515,19,51,1,-1,-1,-1
97,-1,1712,602,77,193,1,-1,-1,-1
97,-1,442,552,40,126,1,-1,-1,-1
97,-1,222,564,57,144,1,-1,-1,-1
97,-1,1573,523,23,60,1,-1,-1,-1
97,-1,1500,530,19,51,1,-1,-1,-1
98,-1,1709,610,81,197,1,-1,-1,-1
98,-1,230,566,59,147,1,-1,-1,-1
98,-1,1280,517,18,51,1,-1,-1,-1
98,-1,373,563,35,105,1,-1,-1,-1
98,-1,357,569,45,129,1,-1,-1,-1
98,-1,1164,516,17,49,1,-1,-1,-1
98,-1,1570,529,20,51,1,-1,-1,-1
98,-1,1494,533,17,47,1,-1,-1,-1
99,-1,1708,607,87,205,1,-1,-1,-1
99,-1,370,561,37,108,1,-1,-1,-1
99,-1,354,575,48,122,1,-1,-1,-1
99,-1,1487,523,23,58,1,-1,-1,-1
99,-1,1281,514,19,50,1,-1,-1,-1
99,-1,142,572,51,142,1,-1,-1,-1
99,-1,225,570,57,139,1,-1,-1,-1
99,-1,1168,508,18,50,1,-1,-1,-1
100,-1,1709,602,84,213,1,-1,-1,-1
100,-1,349,573,46,125,1,-1,-1,-1
101,-1,1712,611,83,205,1,-1,-1,-1
101,-1,130,572,59,145,1,-1,-1,-1
101,-1,1168,507,18,52,1,-1,-1,-1
101,-1,1483,523,24,63,1,-1,-1,-1
101,-1,1270,517,19,55,1,-1,-1,-1
101,-1,228,571,56,136,1,-1,-1,-1
101,-1,369,565,35,93,1,-1,-1,-1
101,-1,1106,504,22,49,1,-1,-1,-1
101,-1,671,520,28,66,1,-1,-1,-1
102,-1,1713,609,85,210,1,-1,-1,-1
102,-1,1487,523,24,62,1,-1,-1,-1
102,-1,136,571,54,146,1,-1,-1,-1
102,-1,1262,506,21,62,1,-1,-1,-1
102,-1,1558,517,27,73,1,-1,-1,-1
103,-1,1715,613,87,206,1,-1,-1,-1
103,-1,1163,504,20,55,1,-1,-1,-1
103,-1,359,561,34,100,1,-1,-1,-1
103,-1,1271,506,21,57,1,-1,-1,-1
104,-1,1711,625,93,198,1,-1,-1,-1
104,-1,349,545,40,139,1,-1,-1,-1
104,-1,123,574,64,140,1,-1,-1,-1
104,-1,1483,525,24,61,1,-1,-1,-1
104,-1,664,520,26,61,1,-1,-1,-1
105,-1,1713,632,96,190,1,-1,-1,-1
105,-1,354,554,36,114,1,-1,-1,-1
105,-1,1476,520,25,65,1,-1,-1,-1
105,-1,1170,507,20,54,1,-1,-1,-1
105,-1,1273,513,22,55,1,-1,-1,-1
105,-1,1105,503,26,57,1,-1,-1,-1
105,-1,1632,489,55,139,1,-1,-1,-1
105,-1,257,583,47,119,1,-1,-1,-1
105,-1,1549,514,28,75,1,-1,-1,-1
105,-1,136,574,53,143,1,-1,-1,-1
106,-1,1713,634,101,190,1,-1,-1,-1
106,-1,335,541,44,142,1,-1,-1,-1
106,-1,1628,487,60,142,1,-1,-1,-1
106,-1,1490,519,28,69,1,-1,-1,-1
106,-1,1544,513,31,82,1,-1,-1,-1
106,-1,1171,503,21,55,1,-1,-1,-1
106,-1,118,567,65,159,1,-1,-1,-1
107,-1,1720,628,101,196,1,-1,-1,-1
107,-1,1627,485,65,157,1,-1,-1,-1
107,-1,1098,504,26,59,1,-1,-1,-1
107,-1,336,544,45,135,1,-1,-1,-1
107,-1,1480,520,27,64,1,-1,-1,-1
107,-1,1168,506,21,53,1,-1,-1,-1
107,-1,650,520,30,59,1,-1,-1,-1
108,-1,1720,632,102,199,1,-1,-1,-1
108,-1,341,541,46,141,1,-1,-1,-1
108,-1,1625,487,67,144,1,-1,-1,-1
108,-1,1465,516,29,71,1,-1,-1,-1
108,-1,123,564,61,157,1,-1,-1,-1
108,-1,1271,504,23,65,1,-1,-1,-1
108,-1,650,519,26,57,1,-1,-1,-1
109,-1,1725,630,97,204,1,-1,-1,-1
109,-1,132,566,59,155,1,-1,-1,-1
109,-1,1627,488,62,140,1,-1,-1,-1
109,-1,341,551,41,115,1,-1,-1,-1
109,-1,1188,509,19,49,1,-1,-1,-1
109,-1,30,564,64,158,1,-1,-1,-1
109,-1,241,574,51,129,1,-1,-1,-1
109,-1,1468,518,30,71,1,-1,-1,-1
110,-1,1726,640,100,203,1,-1,-1,-1
110,-1,241,573,50,133,1,-1,-1,-1
110,-1,1621,485,67,146,1,-1,-1,-1
110,-1,334,549,46,129,1,-1,-1,-1
110,-1,1087,505,22,58,1,-1,-1,-1
110,-1,1462,515,28,71,1,-1,-1,-1
110,-1,146,563,56,154,1,-1,-1,-1
110,-1,1198,506,20,53,1,-1,-1,-1
111,-1,1731,634,94,209,1,-1,-1,-1
111,-1,1470,523,28,61,1,-1,-1,-1
111,-1,137,572,52,143,1,-1,-1,-1
111,-1,242,572,50,133,1,-1,-1,-1
111,-1,337,547,43,129,1,-1,-1,-1
111,-1,31,566,61,153,1,-1,-1,-1
111,-1,1392,522,26,64,1,-1,-1,-1
111,-1,1091,506,24,62,1,-1,-1,-1
112,-1,1734,631,93,212,1,-1,-1,-1
112,-1,1080,503,25,63,1,-1,-1,-1
112,-1,17,564,65,161,1,-1,-1,-1
112,-1,1191,505,22,52,1,-1,-1,-1
112,-1,146,581,55,129,1,-1,-1,-1
112,-1,1486,529,23,57,1,-1,-1,-1
112,-1,1268,507,24,62,1,-1,-1,-1
112,-1,234,574,54,134,1,-1,-1,-1
113,-1,1736,632,96,216,1,-1,-1,-1
113,-1,17,563,69,168,1,-1,-1,-1
113,-1,138,581,55,125,1,-1,-1,-1
113,-1,234,565,55,146,1,-1,-1,-1
113,-1,584,515,28,71,1,-1,-1,-1
113,-1,647,507,28,64,1,-1,-1,-1
113,-1,1475,529,25,64,1,-1,-1,-1
113,-1,1081,502,23,62,1,-1,-1,-1
113,-1,323,535,50,155,1,-1,-1,-1
114,-1,24,572,61,159,1,-1,-1,-1
114,-1,231,573,52,138,1,-1,-1,-1
114,-1,143,586,50,119,1,-1,-1,-1
114,-1,1738,631,89,219,1,-1,-1,-1
114,-1,1079,508,23,59,1,-1,-1,-1
115,-1,1737,633,95,227,1,-1,-1,-1
115,-1,18,567,62,164,1,-1,-1,-1
115,-1,152,589,50,114,1,-1,-1,-1
115,-1,231,573,49,138,1,-1,-1,-1
115,-1,1077,507,22,58,1,-1,-1,-1
115,-1,1489,536,19,52,1,-1,-1,-1
115,-1,1204,508,19,52,1,-1,-1,-1
116,-1,19,570,60,167,1,-1,-1,-1
116,-1,139,592,47,112,1,-1,-1,-1
116,-1,1739,635,95,228,1,-1,-1,-1
116,-1,1076,507,21,58,1,-1,-1,-1
116,-1,1199,519,20,54,1,-1,-1,-1
117,-1,22,570,64,168,1,-1,-1,-1
117,-1,137,592,52,115,1,-1,-1,-1
117,-1,1074,501,22,66,1,-1,-1,-1
117,-1,230,578,55,132,1,-1,-1,-1
117,-1,1192,508,19,54,1,-1,-1,-1
117,-1,1747,634,89,235,1,-1,-1,-1
118,-1,1066,504,23,64,1,-1,-1,-1
118,-1,123,590,51,118,1,-1,-1,-1
118,-1,1198,508,22,55,1,-1,-1,-1
119,-1,119,577,58,137,1,-1,-1,-1
119,-1,1480,531,23,57,1,-1,-1,-1
119,-1,1188,510,24,55,1,-1,-1,-1
120,-1,124,576,56,144,1,-1,-1,-1
120,-1,35,573,55,176,1,-1,-1,-1
120,-1,1185,510,21,56,1,-1,-1,-1
120,-1,1297,653,33,76,1,-1,-1,-1
120,-1,1349,663,48,92,1,-1,-1,-1
120,-1,1075,510,21,53,1,-1,-1,-1
120,-1,235,574,52,136,1,-1,-1,-1
121,-1,119,580,60,139,1,-1,-1,-1
121,-1,22,575,53,170,1,-1,-1,-1
121,-1,1183,510,21,48,1,-1,-1,-1
122,-1,115,577,56,147,1,-1,-1,-1
122,-1,27,580,50,162,1,-1,-1,-1
122,-1,1185,509,23,59,1,-1,-1,-1
122,-1,1062,499,21,62,1,-1,-1,-1
123,-1,109,581,57,149,1,-1,-1,-1
123,-1,26,587,53,154,1,-1,-1,-1
123,-1,1050,508,21,53,1,-1,-1,-1
123,-1,1181,511,22,54,1,-1,-1,-1
124,-1,108,588,54,144,1,-1,-1,-1
124,-1,1175,505,23,59,1,-1,-1,-1
124,-1,1054,499,22,62,1,-1,-1,-1
124,-1,26,601,48,131,1,-1,-1,-1
125,-1,121,586,51,135,1,-1,-1,-1
125,-1,1179,506,24,57,1,-1,-1,-1
126,-1,554,520,30,64,1,-1,-1,-1
127,-1,1175,512,23,61,1,-1,-1,-1
127,-1,1062,506,21,56,1,-1,-1,-1
127,-1,220,537,44,146,1,-1,-1,-1
128,-1,1052,512,21,52,1,-1,-1,-1
128,-1,1003,507,24,53,1,-1,-1,-1
128,-1,1771,640,147,277,1,-1,-1,-1
128,-1,1175,515,23,52,1,-1,-1,-1
129,-1,1070,502,21,57,1,-1,-1,-1
129,-1,1168,505,27,65,1,-1,-1,-1
129,-1,1379,510,28,78,1,-1,-1,-1
129,-1,1001,501,25,57,1,-1,-1,-1
130,-1,1069,507,19,57,1,-1,-1,-1
130,-1,1001,504,25,58,1,-1,-1,-1
130,-1,1165,510,21,66,1,-1,-1,-1
130,-1,1374,520,26,70,1,-1,-1,-1
131,-1,1376,516,25,72,1,-1,-1,-1
131,-1,1175,513,21,54,1,-1,-1,-1
131,-1,1071,510,22,53,1,-1,-1,-1
131,-1,1771,629,149,297,1,-1,-1,-1
131,-1,995,506,26,55,1,-1,-1,-1
131,-1,538,517,28,66,1,-1,-1,-1
132,-1,1709,557,38,99,1,-1,-1,-1
132,-1,1171,509,25,64,1,-1,-1,-1
132,-1,1373,518,25,75,1,-1,-1,-1
132,-1,1083,504,25,57,1,-1,-1,-1
133,-1,1705,556,39,109,1,-1,-1,-1
133,-1,1091,507,20,53,1,-1,-1,-1
133,-1,136,574,48,156,1,-1,-1,-1
133,-1,16,574,65,185,1,-1,-1,-1
133,-1,1162,510,22,60,1,-1,-1,-1
133,-1,1374,523,24,64,1,-1,-1,-1
133,-1,533,513,32,73,1,-1,-1,-1
134,-1,1081,506,23,54,1,-1,-1,-1
134,-1,1709,555,39,110,1,-1,-1,-1
134,-1,1159,508,24,63,1,-1,-1,-1
134,-1,1805,674,115,284,1,-1,-1,-1
134,-1,1389,527,21,61,1,-1,-1,-1
135,-1,1705,558,42,103,1,-1,-1,-1
135,-1,1816,671,104,295,1,-1,-1,-1
135,-1,1097,509,21,53,1,-1,-1,-1
135,-1,1160,511,24,65,1,-1,-1,-1
135,-1,985,505,22,55,1,-1,-1,-1
135,-1,1580,568,38,90,1,-1,-1,-1
135,-1,1373,523,23,63,1,-1,-1,-1
136,-1,1701,555,43,105,1,-1,-1,-1
136,-1,1578,565,36,93,1,-1,-1,-1
136,-1,985,509,23,58,1,-1,-1,-1
136,-1,1821,675,99,292,1,-1,-1,-1
136,-1,1162,510,24,59,1,-1,-1,-1
136,-1,1096,511,25,50,1,-1,-1,-1
137,-1,1695,554,49,110,1,-1,-1,-1
137,-1,1577,560,38,98,1,-1,-1,-1
137,-1,975,506,24,60,1,-1,-1,-1
137,-1,1102,507,22,58,1,-1,-1,-1
137,-1,1163,512,22,65,1,-1,-1,-1
137,-1,1824,670,96,300,1,-1,-1,-1
138,-1,1697,555,47,110,1,-1,-1,-1
138,-1,1574,558,37,100,1,-1,-1,-1
138,-1,490,516,28,72,1,-1,-1,-1
138,-1,978,508,23,54,1,-1,-1,-1
139,-1,1692,546,51,117,1,-1,-1,-1
139,-1,1572,552,38,106,1,-1,-1,-1
139,-1,1369,524,24,64,1,-1,-1,-1
139,-1,1297,517,26,75,1,-1,-1,-1
139,-1,1098,510,23,58,1,-1,-1,-1
139,-1,978,508,23,61,1,-1,-1,-1
139,-1,1281,536,29,88,1,-1,-1,-1
140,-1,1691,544,49,113,1,-1,-1,-1
140,-1,1568,540,40,117,1,-1,-1,-1
141,-1,1690,544,48,112,1,-1,-1,-1
141,-1,1565,542,41,114,1,-1,-1,-1
141,-1,1092,509,22,55,1,-1,-1,-1
141,-1,984,507,22,54,1,-1,-1,-1
142,-1,1689,545,50,112,1,-1,-1,-1
142,-1,1088,510,25,52,1,-1,-1,-1
142,-1,1364,521,28,65,1,-1,-1,-1
142,-1,983,505,21,56,1,-1,-1,-1
142,-1,464,517,28,67,1,-1,-1,-1
143,-1,1685,546,51,112,1,-1,-1,-1
143,-1,1558,540,43,110,1,-1,-1,-1
143,-1,1087,515,22,51,1,-1,-1,-1
143,-1,979,510,22,55,1,-1,-1,-1
144,-1,1692,553,47,111,1,-1,-1,-1
144,-1,1085,513,24,52,1,-1,-1,-1
144,-1,979,508,21,55,1,-1,-1,-1
144,-1,1556,546,41,107,1,-1,-1,-1
144,-1,1357,524,27,62,1,-1,-1,-1
144,-1,460,517,29,77,1,-1,-1,-1
145,-1,1687,555,49,110,1,-1,-1,-1
145,-1,1556,551,39,105,1,-1,-1,-1
145,-1,1095,510,21,56,1,-1,-1,-1
145,-1,975,509,20,56,1,-1,-1,-1
146,-1,1687,556,49,110,1,-1,-1,-1
146,-1,1086,508,23,58,1,-1,-1,-1
146,-1,1541,555,44,109,1,-1,-1,-1
146,-1,1351,522,30,69,1,-1,-1,-1
146,-1,1288,522,26,64,1,-1,-1,-1
147,-1,1686,560,51,109,1,-1,-1,-1
147,-1,1543,561,45,104,1,-1,-1,-1
147,-1,1088,516,20,52,1,-1,-1,-1
148,-1,1685,558,52,111,1,-1,-1,-1
148,-1,1538,560,47,108,1,-1,-1,-1
148,-1,1362,530,25,55,1,-1,-1,-1
149,-1,1692,559,48,106,1,-1,-1,-1
149,-1,1539,560,45,108,1,-1,-1,-1
149,-1,442,509,30,86,1,-1,-1,-1
149,-1,1365,529,24,58,1,-1,-1,-1
149,-1,1079,517,22,52,1,-1,-1,-1
150,-1,1692,560,46,102,1,-1,-1,-1
150,-1,1078,513,24,55,1,-1,-1,-1
150,-1,1541,557,45,108,1,-1,-1,-1
150,-1,1355,527,28,66,1,-1,-1,-1
150,-1,1293,523,26,69,1,-1,-1,-1
151,-1,1074,515,23,56,1,-1,-1,-1
151,-1,953,512,20,49,1,-1,-1,-1
151,-1,1696,560,46,100,1,-1,-1,-1
151,-1,909,505,22,48,1,-1,-1,-1
153,-1,1084,511,21,56,1,-1,-1,-1
154,-1,396,501,32,100,1,-1,-1,-1
155,-1,982,510,19,45,1,-1,-1,-1
156,-1,1473,528,47,135,1,-1,-1,-1
156,-1,892,507,24,49,1,-1,-1,-1
156,-1,1278,524,27,70,1,-1,-1,-1
156,-1,986,509,20,51,1,-1,-1,-1
157,-1,1474,544,41,112,1,-1,-1,-1
157,-1,367,497,40,108,1,-1,-1,-1
158,-1,1472,542,41,109,1,-1,-1,-1
158,-1,977,506,22,55,1,-1,-1,-1
158,-1,887,507,26,51,1,-1,-1,-1
158,-1,1273,507,32,82,1,-1,-1,-1
158,-1,374,548,35,66,1,-1,-1,-1
159,-1,1472,542,36,105,1,-1,-1,-1
159,-1,1065,509,25,62,1,-1,-1,-1
159,-1,991,508,24,52,1,-1,-1,-1
159,-1,875,506,27,50,1,-1,-1,-1
159,-1,369,548,31,62,1,-1,-1,-1
159,-1,1268,509,32,85,1,-1,-1,-1
160,-1,1466,539,37,108,1,-1,-1,-1
160,-1,986,508,23,49,1,-1,-1,-1
160,-1,1274,521,25,67,1,-1,-1,-1
161,-1,1458,544,43,109,1,-1,-1,-1
161,-1,988,507,23,52,1,-1,-1,-1
161,-1,1269,522,26,64,1,-1,-1,-1
161,-1,879,506,24,50,1,-1,-1,-1
162,-1,357,547,32,68,1,-1,-1,-1
162,-1,990,511,23,49,1,-1,-1,-1
162,-1,1267,525,27,62,1,-1,-1,-1
162,-1,1453,551,36,102,1,-1,-1,-1
163,-1,990,512,19,47,1,-1,-1,-1
163,-1,356,548,31,67,1,-1,-1,-1
163,-1,891,511,21,48,1,-1,-1,-1
163,-1,1447,559,34,93,1,-1,-1,-1
164,-1,1434,540,50,113,1,-1,-1,-1
164,-1,996,512,22,51,1,-1,-1,-1
164,-1,356,548,32,65,1,-1,-1,-1
165,-1,1424,537,55,118,1,-1,-1,-1
165,-1,990,509,21,52,1,-1,-1,-1
165,-1,886,506,23,53,1,-1,-1,-1
165,-1,1070,508,21,59,1,-1,-1,-1
166,-1,1420,533,58,122,1,-1,-1,-1
166,-1,986,510,27,51,1,-1,-1,-1
166,-1,1060,508,27,58,1,-1,-1,-1
167,-1,987,516,20,46,1,-1,-1,-1
167,-1,1425,532,50,123,1,-1,-1,-1
167,-1,1076,514,22,57,1,-1,-1,-1
168,-1,988,515,23,47,1,-1,-1,-1
168,-1,1420,532,51,122,1,-1,-1,-1
169,-1,981,516,22,48,1,-1,-1,-1
169,-1,1421,531,51,124,1,-1,-1,-1
169,-1,1177,542,31,78,1,-1,-1,-1
169,-1,1076,522,21,50,1,-1,-1,-1
170,-1,985,511,24,53,1,-1,-1,-1
170,-1,287,501,31,97,1,-1,-1,-1
170,-1,1171,549,30,70,1,-1,-1,-1
170,-1,872,514,20,46,1,-1,-1,-1
171,-1,984,507,26,54,1,-1,-1,-1
172,-1,1175,539,34,86,1,-1,-1,-1
172,-1,989,509,24,54,1,-1,-1,-1
172,-1,857,509,23,54,1,-1,-1,-1
172,-1,1073,510,24,57,1,-1,-1,-1
173,-1,1184,524,26,56,1,-1,-1,-1
173,-1,1175,541,33,79,1,-1,-1,-1
173,-1,983,508,26,50,1,-1,-1,-1
173,-1,263,503,32,87,1,-1,-1,-1
174,-1,264,498,35,99,1,-1,-1,-1
174,-1,983,511,24,52,1,-1,-1,-1
175,-1,980,508,26,57,1,-1,-1,-1
175,-1,259,492,37,109,1,-1,-1,-1
175,-1,1175,540,34,84,1,-1,-1,-1
176,-1,975,510,28,58,1,-1,-1,-1
176,-1,258,502,32,85,1,-1,-1,-1
176,-1,1186,518,29,71,1,-1,-1,-1
177,-1,984,509,26,64,1,-1,-1,-1
177,-1,1190,519,26,70,1,-1,-1,-1
177,-1,1380,538,44,122,1,-1,-1,-1
178,-1,984,509,26,59,1,-1,-1,-1
178,-1,1185,517,28,76,1,-1,-1,-1
179,-1,1363,532,51,130,1,-1,-1,-1
179,-1,975,510,26,60,1,-1,-1,-1
179,-1,261,545,34,72,1,-1,-1,-1
180,-1,1173,541,39,86,1,-1,-1,-1
180,-1,851,505,24,55,1,-1,-1,-1
180,-1,1366,535,47,128,1,-1,-1,-1
180,-1,979,513,27,55,1,-1,-1,-1
181,-1,1363,537,51,128,1,-1,-1,-1
181,-1,970,511,31,56,1,-1,-1,-1
181,-1,243,500,37,98,1,-1,-1,-1
182,-1,1363,533,46,126,1,-1,-1,-1
182,-1,970,510,33,55,1,-1,-1,-1
183,-1,1361,532,45,125,1,-1,-1,-1
183,-1,1171,539,39,93,1,-1,-1,-1
183,-1,972,512,28,50,1,-1,-1,-1
183,-1,858,506,24,49,1,-1,-1,-1
184,-1,974,515,26,61,1,-1,-1,-1
184,-1,1359,532,48,124,1,-1,-1,-1
184,-1,243,546,42,82,1,-1,-1,-1
184,-1,230,495,42,113,1,-1,-1,-1
184,-1,873,514,20,47,1,-1,-1,-1
185,-1,1359,531,47,125,1,-1,-1,-1
186,-1,1360,532,48,126,1,-1,-1,-1
186,-1,864,505,26,53,1,-1,-1,-1
187,-1,974,512,25,52,1,-1,-1,-1
188,-1,1631,539,60,122,1,-1,-1,-1
188,-1,1352,532,51,130,1,-1,-1,-1
188,-1,1600,549,45,107,1,-1,-1,-1
188,-1,871,509,24,47,1,-1,-1,-1
189,-1,1350,532,52,130,1,-1,-1,-1
189,-1,869,506,25,52,1,-1,-1,-1
189,-1,978,507,28,53,1,-1,-1,-1
189,-1,1602,558,44,99,1,-1,-1,-1
190,-1,1352,531,50,134,1,-1,-1,-1
190,-1,1623,540,65,124,1,-1,-1,-1
190,-1,1603,551,42,102,1,-1,-1,-1
191,-1,1355,531,47,130,1,-1,-1,-1
191,-1,885,505,26,54,1,-1,-1,-1
191,-1,959,508,29,56,1,-1,-1,-1
192,-1,1355,533,46,126,1,-1,-1,-1
192,-1,1622,543,65,124,1,-1,-1,-1
192,-1,882,510,24,48,1,-1,-1,-1
192,-1,1605,545,42,104,1,-1,-1,-1
193,-1,1347,530,47,129,1,-1,-1,-1
193,-1,1617,538,76,130,1,-1,-1,-1
194,-1,1614,524,90,151,1,-1,-1,-1
194,-1,1346,531,47,125,1,-1,-1,-1
195,-1,1619,533,77,137,1,-1,-1,-1
195,-1,1344,532,45,124,1,-1,-1,-1
195,-1,162,549,40,86,1,-1,-1,-1
196,-1,1619,535,71,133,1,-1,-1,-1
196,-1,172,555,40,83,1,-1,-1,-1
196,-1,1342,535,44,120,1,-1,-1,-1
196,-1,209,556,46,87,1,-1,-1,-1
196,-1,881,515,22,45,1,-1,-1,-1
197,-1,1336,533,47,124,1,-1,-1,-1
197,-1,1620,540,69,126,1,-1,-1,-1
197,-1,166,554,37,83,1,-1,-1,-1
197,-1,875,514,24,49,1,-1,-1,-1
198,-1,1625,542,67,132,1,-1,-1,-1
198,-1,1334,533,50,124,1,-1,-1,-1
198,-1,155,544,41,96,1,-1,-1,-1
198,-1,881,514,24,50,1,-1,-1,-1
198,-1,972,516,25,59,1,-1,-1,-1
199,-1,1629,544,60,127,1,-1,-1,-1
199,-1,875,511,28,53,1,-1,-1,-1
200,-1,1630,543,56,119,1,-1,-1,-1
200,-1,876,511,27,52,1,-1,-1,-1
200,-1,1338,534,48,121,1,-1,-1,-1
200,-1,159,558,36,80,1,-1,-1,-1
201,-1,163,567,35,72,1,-1,-1,-1
201,-1,1335,533,48,125,1,-1,-1,-1
201,-1,873,508,27,54,1,-1,-1,-1
201,-1,1639,551,48,109,1,-1,-1,-1
202,-1,778,508,30,61,1,-1,-1,-1
202,-1,881,512,25,52,1,-1,-1,-1
202,-1,1639,542,49,122,1,-1,-1,-1
202,-1,955,513,30,71,1,-1,-1,-1
202,-1,160,569,33,71,1,-1,-1,-1
203,-1,881,510,26,53,1,-1,-1,-1
203,-1,773,510,35,63,1,-1,-1,-1
203,-1,146,553,40,87,1,-1,-1,-1
203,-1,1326,534,51,135,1,-1,-1,-1
203,-1,1638,548,46,103,1,-1,-1,-1
204,-1,1326,535,51,136,1,-1,-1,-1
204,-1,878,513,26,52,1,-1,-1,-1
204,-1,770,513,34,58,1,-1,-1,-1
204,-1,1636,552,47,95,1,-1,-1,-1
205,-1,879,512,24,54,1,-1,-1,-1
205,-1,1328,534,51,137,1,-1,-1,-1
205,-1,772,510,27,58,1,-1,-1,-1
205,-1,969,519,26,60,1,-1,-1,-1
205,-1,1635,549,48,110,1,-1,-1,-1
206,-1,1329,539,51,133,1,-1,-1,-1
206,-1,757,508,31,61,1,-1,-1,-1
206,-1,877,516,25,50,1,-1,-1,-1
206,-1,1634,552,49,116,1,-1,-1,-1
207,-1,1635,544,54,130,1,-1,-1,-1
207,-1,1327,542,48,128,1,-1,-1,-1
208,-1,1638,548,49,123,1,-1,-1,-1
208,-1,1333,539,44,133,1,-1,-1,-1
209,-1,1333,541,47,133,1,-1,-1,-1
209,-1,1644,542,47,124,1,-1,-1,-1
209,-1,874,519,26,49,1,-1,-1,-1
210,-1,1331,541,50,134,1,-1,-1,-1
210,-1,1642,551,53,120,1,-1,-1,-1
210,-1,875,520,27,53,1,-1,-1,-1
210,-1,763,512,29,56,1,-1,-1,-1
210,-1,1163,565,37,74,1,-1,-1,-1
211,-1,1332,540,49,136,1,-1,-1,-1
211,-1,752,512,30,53,1,-1,-1,-1
211,-1,879,521,29,57,1,-1,-1,-1
211,-1,1652,557,46,111,1,-1,-1,-1
211,-1,1162,554,39,86,1,-1,-1,-1
211,-1,130,566,33,90,1,-1,-1,-1
212,-1,1661,554,41,122,1,-1,-1,-1
212,-1,1331,543,44,129,1,-1,-1,-1
212,-1,755,511,30,54,1,-1,-1,-1
212,-1,876,522,30,53,1,-1,-1,-1
212,-1,122,541,46,117,1,-1,-1,-1
213,-1,1655,549,57,126,1,-1,-1,-1
213,-1,1333,543,47,128,1,-1,-1,-1
213,-1,765,510,24,55,1,-1,-1,-1
213,-1,123,538,45,123,1,-1,-1,-1
213,-1,1085,553,34,66,1,-1,-1,-1
214,-1,1334,543,46,126,1,-1,-1,-1
214,-1,1660,547,52,130,1,-1,-1,-1
214,-1,768,508,26,59,1,-1,-1,-1
215,-1,1334,543,47,129,1,-1,-1,-1
215,-1,765,504,27,60,1,-1,-1,-1
215,-1,1668,558,55,118,1,-1,-1,-1
215,-1,119,564,35,92,1,-1,-1,-1
216,-1,1668,552,53,118,1,-1,-1,-1
216,-1,1340,543,42,127,1,-1,-1,-1
216,-1,763,511,26,56,1,-1,-1,-1
216,-1,123,564,38,92,1,-1,-1,-1
217,-1,1337,540,48,129,1,-1,-1,-1
217,-1,1679,557,48,118,1,-1,-1,-1
217,-1,117,555,39,102,1,-1,-1,-1
217,-1,762,510,30,56,1,-1,-1,-1
218,-1,1336,541,50,134,1,-1,-1,-1
218,-1,1673,553,53,122,1,-1,-1,-1
218,-1,758,509,30,58,1,-1,-1,-1
219,-1,1342,541,47,131,1,-1,-1,-1
219,-1,1678,551,53,122,1,-1,-1,-1
219,-1,111,551,38,109,1,-1,-1,-1
219,-1,756,508,27,57,1,-1,-1,-1
220,-1,1343,542,50,133,1,-1,-1,-1
220,-1,103,535,47,131,1,-1,-1,-1
220,-1,755,515,29,58,1,-1,-1,-1
220,-1,1690,558,48,117,1,-1,-1,-1
220,-1,39,526,50,129,1,-1,-1,-1
221,-1,1345,548,53,130,1,-1,-1,-1
221,-1,1691,562,41,104,1,-1,-1,-1
221,-1,760,516,28,55,1,-1,-1,-1
222,-1,1353,542,49,127,1,-1,-1,-1
223,-1,1351,545,52,129,1,-1,-1,-1
223,-1,764,518,27,54,1,-1,-1,-1
223,-1,108,554,45,108,1,-1,-1,-1
224,-1,1353,538,54,136,1,-1,-1,-1
224,-1,768,523,23,49,1,-1,-1,-1
224,-1,1729,540,52,139,1,-1,-1,-1
225,-1,1354,542,53,134,1,-1,-1,-1
225,-1,1735,536,53,144,1,-1,-1,-1
225,-1,772,521,22,46,1,-1,-1,-1
226,-1,1356,544,57,134,1,-1,-1,-1
226,-1,1733,538,62,142,1,-1,-1,-1
227,-1,1356,545,51,131,1,-1,-1,-1
227,-1,1741,546,54,136,1,-1,-1,-1
228,-1,1354,539,52,135,1,-1,-1,-1
228,-1,1746,544,53,137,1,-1,-1,-1
228,-1,1082,564,39,65,1,-1,-1,-1
229,-1,1762,551,50,124,1,-1,-1,-1
229,-1,1357,544,51,135,1,-1,-1,-1
229,-1,1079,561,44,68,1,-1,-1,-1
229,-1,1178,554,35,75,1,-1,-1,-1
230,-1,1769,553,55,122,1,-1,-1,-1
230,-1,1362,539,54,140,1,-1,-1,-1
231,-1,1369,546,53,139,1,-1,-1,-1
231,-1,1778,555,52,122,1,-1,-1,-1
231,-1,41,529,46,136,1,-1,-1,-1
232,-1,1781,549,54,127,1,-1,-1,-1
232,-1,1359,546,55,139,1,-1,-1,-1
232,-1,1091,561,29,67,1,-1,-1,-1
232,-1,1181,558,29,79,1,-1,-1,-1
233,-1,1359,546,56,141,1,-1,-1,-1
233,-1,1797,557,53,116,1,-1,-1,-1
233,-1,1177,560,31,76,1,-1,-1,-1
233,-1,771,510,32,56,1,-1,-1,-1
233,-1,41,524,51,145,1,-1,-1,-1
234,-1,1358,539,58,151,1,-1,-1,-1
234,-1,1829,559,49,113,1,-1,-1,-1
235,-1,1359,542,57,141,1,-1,-1,-1
235,-1,1829,557,50,116,1,-1,-1,-1
235,-1,38,529,51,138,1,-1,-1,-1
236,-1,1830,549,53,125,1,-1,-1,-1
236,-1,1364,545,53,140,1,-1,-1,-1
236,-1,37,516,54,152,1,-1,-1,-1
237,-1,1837,551,50,121,1,-1,-1,-1
237,-1,1366,550,52,127,1,-1,-1,-1
238,-1,1845,549,50,122,1,-1,-1,-1
238,-1,1375,548,48,132,1,-1,-1,-1
239,-1,1862,547,47,128,1,-1,-1,-1
239,-1,1376,544,50,129,1,-1,-1,-1
240,-1,1381,539,51,134,1,-1,-1,-1
240,-1,1872,542,44,133,1,-1,-1,-1
240,-1,1783,493,38,94,1,-1,-1,-1
241,-1,1391,543,44,120,1,-1,-1,-1
241,-1,1790,501,31,75,1,-1,-1,-1
241,-1,1263,559,40,85,1,-1,-1,-1
242,-1,1394,549,39,114,1,-1,-1,-1
242,-1,1271,558,33,86,1,-1,-1,-1
242,-1,1173,561,27,71,1,-1,-1,-1
242,-1,1876,550,41,122,1,-1,-1,-1
243,-1,1398,544,39,105,1,-1,-1,-1
243,-1,1449,542,37,119,1,-1,-1,-1
244,-1,1448,540,43,129,1,-1,-1,-1
245,-1,1443,547,43,126,1,-1,-1,-1
245,-1,1402,552,39,105,1,-1,-1,-1
245,-1,1169,572,27,66,1,-1,-1,-1
246,-1,1433,548,46,122,1,-1,-1,-1
247,-1,1436,549,45,123,1,-1,-1,-1
248,-1,1438,550,43,121,1,-1,-1,-1
249,-1,1443,545,49,127,1,-1,-1,-1
250,-1,1452,543,49,132,1,-1,-1,-1
251,-1,1452,549,48,123,1,-1,-1,-1
251,-1,1371,565,40,96,1,-1,-1,-1
252,-1,1467,538,45,132,1,-1,-1,-1
253,-1,1463,534,57,149,1,-1,-1,-1
254,-1,1469,534,53,153,1,-1,-1,-1
255,-1,1466,533,55,150,1,-1,-1,-1
256,-1,1475,542,50,142,1,-1,-1,-1
259,-1,121,581,55,126,1,-1,-1,-1
260,-1,118,584,55,122,1,-1,-1,-1
261,-1,126,591,53,117,1,-1,-1,-1
262,-1,130,586,55,121,1,-1,-1,-1
263,-1,125,583,54,121,1,-1,-1,-1
264,-1,127,582,54,125,1,-1,-1,-1
265,-1,126,585,55,121,1,-1,-1,-1
266,-1,134,592,55,116,1,-1,-1,-1
266,-1,972,513,34,63,1,-1,-1,-1
267,-1,140,590,55,117,1,-1,-1,-1
268,-1,137,588,54,118,1,-1,-1,-1
269,-1,143,589,55,118,1,-1,-1,-1
270,-1,141,582,54,121,1,-1,-1,-1
271,-1,137,577,59,131,1,-1,-1,-1
272,-1,141,578,55,126,1,-1,-1,-1
273,-1,1063,515,36,80,1,-1,-1,-1
273,-1,126,551,45,118,1,-1,-1,-1
274,-1,1065,512,35,84,1,-1,-1,-1
275,-1,1075,515,30,81,1,-1,-1,-1
276,-1,1063,513,33,86,1,-1,-1,-1
276,-1,877,508,37,48,1,-1,-1,-1
277,-1,1073,516,30,76,1,-1,-1,-1
279,-1,1166,531,47,106,1,-1,-1,-1
279,-1,16,591,53,110,1,-1,-1,-1
279,-1,1068,516,31,65,1,-1,-1,-1
280,-1,1722,580,79,199,1,-1,-1,-1
281,-1,1175,537,38,89,1,-1,-1,-1
282,-1,20,595,50,113,1,-1,-1,-1
282,-1,1177,541,41,86,1,-1,-1,-1
283,-1,1172,533,42,96,1,-1,-1,-1
283,-1,1155,521,33,62,1,-1,-1,-1
284,-1,1145,517,45,72,1,-1,-1,-1
284,-1,27,596,52,111,1,-1,-1,-1
285,-1,1151,517,41,76,1,-1,-1,-1
285,-1,1770,578,61,149,1,-1,-1,-1
285,-1,32,597,54,114,1,-1,-1,-1
286,-1,1156,516,37,73,1,-1,-1,-1
286,-1,1781,592,56,136,1,-1,-1,-1
286,-1,1255,541,53,111,1,-1,-1,-1
286,-1,209,597,57,115,1,-1,-1,-1
286,-1,32,603,55,112,1,-1,-1,-1
287,-1,1261,548,52,113,1,-1,-1,-1
287,-1,213,600,54,111,1,-1,-1,-1
287,-1,1157,520,35,66,1,-1,-1,-1
287,-1,34,598,50,116,1,-1,-1,-1
288,-1,213,599,56,114,1,-1,-1,-1
288,-1,1262,535,51,124,1,-1,-1,-1
288,-1,1161,507,45,85,1,-1,-1,-1
288,-1,30,612,57,107,1,-1,-1,-1
288,-1,1821,564,72,178,1,-1,-1,-1
289,-1,1267,546,55,118,1,-1,-1,-1
289,-1,1820,563,82,179,1,-1,-1,-1
289,-1,212,602,57,113,1,-1,-1,-1
289,-1,31,613,62,111,1,-1,-1,-1
289,-1,1155,514,43,68,1,-1,-1,-1
290,-1,1260,535,57,126,1,-1,-1,-1
290,-1,221,606,56,107,1,-1,-1,-1
290,-1,1157,511,43,70,1,-1,-1,-1
290,-1,1837,555,68,182,1,-1,-1,-1
290,-1,33,611,59,112,1,-1,-1,-1
291,-1,1163,512,44,73,1,-1,-1,-1
291,-1,218,601,57,115,1,-1,-1,-1
292,-1,1267,528,54,134,1,-1,-1,-1
292,-1,1323,533,60,125,1,-1,-1,-1
292,-1,224,607,57,119,1,-1,-1,-1
292,-1,1165,508,44,69,1,-1,-1,-1
292,-1,38,617,54,107,1,-1,-1,-1
293,-1,1270,540,49,112,1,-1,-1,-1
293,-1,1164,509,45,70,1,-1,-1,-1
293,-1,1324,552,60,110,1,-1,-1,-1
294,-1,1264,533,55,118,1,-1,-1,-1
294,-1,1339,540,55,116,1,-1,-1,-1
294,-1,1163,506,47,64,1,-1,-1,-1
294,-1,220,600,59,123,1,-1,-1,-1
295,-1,117,506,73,189,1,-1,-1,-1
297,-1,1346,554,48,102,1,-1,-1,-1
297,-1,1276,553,38,71,1,-1,-1,-1
298,-1,1347,554,52,106,1,-1,-1,-1
298,-1,1279,554,40,71,1,-1,-1,-1
298,-1,225,604,56,119,1,-1,-1,-1
299,-1,1354,552,59,112,1,-1,-1,-1
299,-1,228,610,55,115,1,-1,-1,-1
299,-1,1252,554,45,67,1,-1,-1,-1
300,-1,1356,549,50,91,1,-1,-1,-1
300,-1,230,618,53,98,1,-1,-1,-1
301,-1,1369,548,45,84,1,-1,-1,-1
302,-1,1366,546,43,82,1,-1,-1,-1
302,-1,231,611,54,118,1,-1,-1,-1
303,-1,1368,548,40,82,1,-1,-1,-1
303,-1,233,620,46,98,1,-1,-1,-1
303,-1,236,630,55,118,1,-1,-1,-1
304,-1,1367,547,38,87,1,-1,-1,-1
304,-1,236,614,54,116,1,-1,-1,-1
304,-1,1266,519,29,50,1,-1,-1,-1
305,-1,1370,555,35,77,1,-1,-1,-1
305,-1,238,622,67,135,1,-1,-1,-1
306,-1,1367,548,42,89,1,-1,-1,-1
306,-1,1265,523,30,47,1,-1,-1,-1
306,-1,238,628,67,126,1,-1,-1,-1
306,-1,1643,544,44,105,1,-1,-1,-1
307,-1,1379,552,37,85,1,-1,-1,-1
307,-1,236,623,65,138,1,-1,-1,-1
307,-1,1262,519,33,51,1,-1,-1,-1
307,-1,37,635,67,121,1,-1,-1,-1
307,-1,1441,558,38,68,1,-1,-1,-1
308,-1,1379,553,33,80,1,-1,-1,-1
308,-1,237,628,65,134,1,-1,-1,-1
308,-1,1452,560,35,66,1,-1,-1,-1
309,-1,1378,564,35,71,1,-1,-1,-1
309,-1,236,629,67,134,1,-1,-1,-1
309,-1,1462,567,35,61,1,-1,-1,-1
309,-1,35,633,64,128,1,-1,-1,-1
310,-1,238,630,65,134,1,-1,-1,-1
310,-1,40,637,62,128,1,-1,-1,-1
310,-1,1374,562,37,73,1,-1,-1,-1
310,-1,1461,568,35,62,1,-1,-1,-1
311,-1,238,629,67,136,1,-1,-1,-1
311,-1,1462,569,33,65,1,-1,-1,-1
311,-1,40,641,59,125,1,-1,-1,-1
311,-1,1380,563,37,74,1,-1,-1,-1
312,-1,237,627,73,140,1,-1,-1,-1
312,-1,36,635,65,131,1,-1,-1,-1
312,-1,1467,587,27,49,1,-1,-1,-1
313,-1,36,641,68,127,1,-1,-1,-1
313,-1,239,631,68,136,1,-1,-1,-1
313,-1,1468,578,31,59,1,-1,-1,-1
313,-1,1378,565,36,82,1,-1,-1,-1
314,-1,31,643,67,127,1,-1,-1,-1
314,-1,241,635,61,130,1,-1,-1,-1
314,-1,1463,570,42,73,1,-1,-1,-1
315,-1,242,636,62,128,1,-1,-1,-1
315,-1,31,640,61,127,1,-1,-1,-1
315,-1,1470,568,37,75,1,-1,-1,-1
315,-1,1369,547,44,125,1,-1,-1,-1
316,-1,36,642,64,128,1,-1,-1,-1
316,-1,242,640,62,125,1,-1,-1,-1
316,-1,1466,564,41,82,1,-1,-1,-1
317,-1,34,642,70,132,1,-1,-1,-1
317,-1,240,639,64,131,1,-1,-1,-1
317,-1,1277,523,30,49,1,-1,-1,-1
317,-1,1177,514,29,51,1,-1,-1,-1
318,-1,29,644,71,132,1,-1,-1,-1
318,-1,238,640,65,131,1,-1,-1,-1
318,-1,1284,520,28,52,1,-1,-1,-1
318,-1,1463,546,54,126,1,-1,-1,-1
318,-1,1179,511,29,52,1,-1,-1,-1
319,-1,236,637,66,139,1,-1,-1,-1
319,-1,28,643,65,135,1,-1,-1,-1
319,-1,1454,581,50,147,1,-1,-1,-1
319,-1,1179,516,30,50,1,-1,-1,-1
319,-1,1460,547,48,127,1,-1,-1,-1
319,-1,1355,544,56,138,1,-1,-1,-1
320,-1,30,643,68,137,1,-1,-1,-1
320,-1,1447,569,60,163,1,-1,-1,-1
320,-1,236,641,67,134,1,-1,-1,-1
320,-1,1455,548,49,129,1,-1,-1,-1
321,-1,29,646,67,135,1,-1,-1,-1
321,-1,1430,588,64,148,1,-1,-1,-1
321,-1,234,637,70,138,1,-1,-1,-1
322,-1,24,646,67,133,1,-1,-1,-1
322,-1,1348,538,57,135,1,-1,-1,-1
322,-1,236,635,68,139,1,-1,-1,-1
322,-1,1527,593,50,121,1,-1,-1,-1
322,-1,1430,587,71,147,1,-1,-1,-1
323,-1,236,640,65,134,1,-1,-1,-1
323,-1,1521,583,62,137,1,-1,-1,-1
323,-1,21,651,60,128,1,-1,-1,-1
323,-1,1422,589,73,146,1,-1,-1,-1
323,-1,1284,524,28,47,1,-1,-1,-1
324,-1,230,633,70,142,1,-1,-1,-1
324,-1,1523,586,64,135,1,-1,-1,-1
324,-1,1278,519,28,54,1,-1,-1,-1
324,-1,22,643,59,135,1,-1,-1,-1
324,-1,1446,551,53,120,1,-1,-1,-1
325,-1,230,636,68,140,1,-1,-1,-1
325,-1,15,643,58,142,1,-1,-1,-1
325,-1,1522,587,64,134,1,-1,-1,-1
325,-1,1427,589,72,147,1,-1,-1,-1
326,-1,227,632,71,143,1,-1,-1,-1
326,-1,15,642,56,139,1,-1,-1,-1
326,-1,1444,540,51,130,1,-1,-1,-1
326,-1,1280,519,31,56,1,-1,-1,-1
326,-1,1362,542,53,115,1,-1,-1,-1
327,-1,227,636,69,138,1,-1,-1,-1
327,-1,1442,536,57,153,1,-1,-1,-1
327,-1,12,645,54,136,1,-1,-1,-1
328,-1,223,636,67,142,1,-1,-1,-1
328,-1,1546,596,61,135,1,-1,-1,-1
328,-1,1423,594,65,141,1,-1,-1,-1
328,-1,13,649,49,137,1,-1,-1,-1
329,-1,222,631,64,142,1,-1,-1,-1
329,-1,1545,572,68,169,1,-1,-1,-1
329,-1,1448,541,50,123,1,-1,-1,-1
329,-1,1414,587,72,144,1,-1,-1,-1
330,-1,219,633,67,141,1,-1,-1,-1
330,-1,1445,539,56,130,1,-1,-1,-1
331,-1,225,632,60,139,1,-1,-1,-1
331,-1,1546,589,68,151,1,-1,-1,-1
332,-1,213,634,67,137,1,-1,-1,-1
332,-1,1350,545,59,132,1,-1,-1,-1
333,-1,1355,542,61,129,1,-1,-1,-1
333,-1,1439,543,59,116,1,-1,-1,-1
334,-1,1349,554,52,113,1,-1,-1,-1
334,-1,207,629,68,142,1,-1,-1,-1
334,-1,1568,550,52,111,1,-1,-1,-1
335,-1,1350,540,63,136,1,-1,-1,-1
335,-1,202,629,69,143,1,-1,-1,-1
335,-1,1364,516,36,52,1,-1,-1,-1
336,-1,1563,536,61,145,1,-1,-1,-1
336,-1,1354,549,71,125,1,-1,-1,-1
337,-1,1560,532,67,182,1,-1,-1,-1
337,-1,1359,557,59,106,1,-1,-1,-1
338,-1,1366,561,55,99,1,-1,-1,-1
338,-1,1367,576,61,122,1,-1,-1,-1
338,-1,1567,550,59,132,1,-1,-1,-1
339,-1,1576,552,49,108,1,-1,-1,-1
339,-1,1368,578,62,113,1,-1,-1,-1
340,-1,162,625,63,175,1,-1,-1,-1
341,-1,162,633,58,169,1,-1,-1,-1
342,-1,159,634,61,169,1,-1,-1,-1
342,-1,1356,528,70,162,1,-1,-1,-1
343,-1,153,637,65,173,1,-1,-1,-1
343,-1,1363,549,49,111,1,-1,-1,-1
344,-1,139,642,66,169,1,-1,-1,-1
344,-1,1362,544,52,120,1,-1,-1,-1
344,-1,1372,519,35,58,1,-1,-1,-1
345,-1,141,652,60,153,1,-1,-1,-1
345,-1,1369,516,33,58,1,-1,-1,-1
345,-1,1361,540,51,145,1,-1,-1,-1
346,-1,146,659,53,133,1,-1,-1,-1
346,-1,1369,520,30,51,1,-1,-1,-1
346,-1,1360,578,72,172,1,-1,-1,-1
347,-1,1359,590,74,167,1,-1,-1,-1
347,-1,1428,635,71,146,1,-1,-1,-1
348,-1,1362,586,71,175,1,-1,-1,-1
348,-1,128,669,69,167,1,-1,-1,-1
349,-1,123,672,72,165,1,-1,-1,-1
349,-1,1358,587,75,181,1,-1,-1,-1
349,-1,1440,640,69,153,1,-1,-1,-1
350,-1,115,680,69,157,1,-1,-1,-1
351,-1,110,679,69,154,1,-1,-1,-1
352,-1,103,675,69,159,1,-1,-1,-1
353,-1,99,671,75,174,1,-1,-1,-1
354,-1,100,681,73,163,1,-1,-1,-1
355,-1,91,679,78,172,1,-1,-1,-1
356,-1,84,678,81,173,1,-1,-1,-1
357,-1,83,680,68,171,1,-1,-1,-1
357,-1,54,685,67,172,1,-1,-1,-1
357,-1,1472,545,44,71,1,-1,-1,-1
358,-1,86,677,69,174,1,-1,-1,-1
358,-1,47,681,72,180,1,-1,-1,-1
359,-1,43,687,69,177,1,-1,-1,-1
359,-1,84,685,59,168,1,-1,-1,-1
360,-1,35,687,73,176,1,-1,-1,-1
361,-1,26,686,81,177,1,-1,-1,-1
362,-1,25,688,81,176,1,-1,-1,-1
362,-1,1347,618,72,182,1,-1,-1,-1
363,-1,18,690,78,179,1,-1,-1,-1
363,-1,1348,620,68,185,1,-1,-1,-1
364,-1,1349,622,61,182,1,-1,-1,-1
365,-1,1670,603,57,132,1,-1,-1,-1
365,-1,11,696,70,180,1,-1,-1,-1
366,-1,1673,605,55,137,1,-1,-1,-1
368,-1,1462,561,42,63,1,-1,-1,-1
368,-1,1551,574,42,64,1,-1,-1,-1
369,-1,1553,572,40,67,1,-1,-1,-1
370,-1,1342,637,63,194,1,-1,-1,-1
371,-1,1340,640,59,189,1,-1,-1,-1
372,-1,1330,641,66,192,1,-1,-1,-1
373,-1,1333,644,59,164,1,-1,-1,-1
374,-1,1337,636,57,175,1,-1,-1,-1
375,-1,1450,735,88,213,1,-1,-1,-1
376,-1,1562,573,36,65,1,-1,-1,-1
376,-1,1453,563,36,67,1,-1,-1,-1
377,-1,1563,570,36,67,1,-1,-1,-1
377,-1,1452,562,34,66,1,-1,-1,-1
378,-1,1452,562,34,63,1,-1,-1,-1
379,-1,1348,644,48,139,1,-1,-1,-1
380,-1,1464,562,31,62,1,-1,-1,-1
380,-1,1339,651,50,116,1,-1,-1,-1
381,-1,1564,572,36,64,1,-1,-1,-1
381,-1,1465,562,34,62,1,-1,-1,-1
382,-1,1567,570,34,66,1,-1,-1,-1
382,-1,1465,561,35,65,1,-1,-1,-1
383,-1,1472,557,33,68,1,-1,-1,-1
383,-1,1565,569,29,62,1,-1,-1,-1
384,-1,1468,558,35,64,1,-1,-1,-1
384,-1,1569,568,30,63,1,-1,-1,-1
385,-1,1459,553,38,71,1,-1,-1,-1
385,-1,1569,569,34,67,1,-1,-1,-1
385,-1,1756,610,41,113,1,-1,-1,-1
386,-1,1566,568,38,70,1,-1,-1,-1
386,-1,1455,552,41,75,1,-1,-1,-1
386,-1,1383,543,50,107,1,-1,-1,-1
387,-1,1476,557,36,68,1,-1,-1,-1
387,-1,1567,564,37,75,1,-1,-1,-1
387,-1,1374,551,42,89,1,-1,-1,-1
388,-1,1379,544,45,100,1,-1,-1,-1
388,-1,1467,555,38,71,1,-1,-1,-1
388,-1,1562,568,36,73,1,-1,-1,-1
388,-1,1750,603,58,137,1,-1,-1,-1
389,-1,1751,601,56,144,1,-1,-1,-1
389,-1,1475,560,30,64,1,-1,-1,-1
389,-1,1409,722,159,304,1,-1,-1,-1
389,-1,1563,570,32,74,1,-1,-1,-1
390,-1,1750,598,60,148,1,-1,-1,-1
390,-1,1475,563,34,60,1,-1,-1,-1
391,-1,1746,604,63,127,1,-1,-1,-1
391,-1,1468,566,44,64,1,-1,-1,-1
391,-1,1372,566,49,84,1,-1,-1,-1
391,-1,1544,571,42,81,1,-1,-1,-1
392,-1,1486,568,36,62,1,-1,-1,-1
392,-1,1744,607,57,109,1,-1,-1,-1
393,-1,1479,573,39,60,1,-1,-1,-1
393,-1,1358,562,53,87,1,-1,-1,-1
393,-1,1752,604,52,109,1,-1,-1,-1
393,-1,1549,573,35,81,1,-1,-1,-1
394,-1,1480,572,38,59,1,-1,-1,-1
394,-1,1366,564,48,85,1,-1,-1,-1
394,-1,1756,604,52,128,1,-1,-1,-1
394,-1,1545,575,38,81,1,-1,-1,-1
395,-1,1479,572,35,57,1,-1,-1,-1
395,-1,1369,566,40,75,1,-1,-1,-1
396,-1,1480,574,35,57,1,-1,-1,-1
396,-1,1364,566,37,79,1,-1,-1,-1
397,-1,1362,561,38,82,1,-1,-1,-1
397,-1,1476,572,35,59,1,-1,-1,-1
398,-1,1759,606,49,125,1,-1,-1,-1
398,-1,1148,667,66,204,1,-1,-1,-1
398,-1,1370,571,32,67,1,-1,-1,-1
398,-1,1475,574,37,59,1,-1,-1,-1
399,-1,1355,561,39,80,1,-1,-1,-1
399,-1,1466,571,38,62,1,-1,-1,-1
400,-1,1350,562,38,79,1,-1,-1,-1
400,-1,1464,571,39,66,1,-1,-1,-1
400,-1,1286,556,34,87,1,-1,-1,-1
401,-1,1355,569,31,64,1,-1,-1,-1
401,-1,1314,722,119,344,1,-1,-1,-1
401,-1,1467,574,37,58,1,-1,-1,-1
402,-1,1350,559,39,78,1,-1,-1,-1
402,-1,1462,570,37,66,1,-1,-1,-1
402,-1,1283,554,42,96,1,-1,-1,-1
402,-1,1299,726,124,345,1,-1,-1,-1
403,-1,1362,566,34,64,1,-1,-1,-1
403,-1,1463,572,36,66,1,-1,-1,-1
403,-1,1281,555,43,85,1,-1,-1,-1
404,-1,1367,567,33,67,1,-1,-1,-1
404,-1,1462,572,34,75,1,-1,-1,-1
404,-1,1267,555,44,91,1,-1,-1,-1
405,-1,1260,563,39,85,1,-1,-1,-1
405,-1,1379,569,36,67,1,-1,-1,-1
406,-1,1257,551,42,96,1,-1,-1,-1
406,-1,1385,567,41,69,1,-1,-1,-1
406,-1,1051,675,73,190,1,-1,-1,-1
406,-1,1440,571,39,84,1,-1,-1,-1
407,-1,1253,551,40,101,1,-1,-1,-1
407,-1,1377,571,36,61,1,-1,-1,-1
408,-1,1254,553,38,95,1,-1,-1,-1
408,-1,1373,571,39,69,1,-1,-1,-1
409,-1,1249,558,42,89,1,-1,-1,-1
409,-1,1366,571,40,68,1,-1,-1,-1
409,-1,1679,600,51,127,1,-1,-1,-1
409,-1,1201,551,37,83,1,-1,-1,-1
410,-1,1364,568,40,74,1,-1,-1,-1
410,-1,1254,557,40,82,1,-1,-1,-1
410,-1,1185,537,44,101,1,-1,-1,-1
410,-1,1673,605,51,112,1,-1,-1,-1
411,-1,1247,561,40,82,1,-1,-1,-1
411,-1,1360,572,40,72,1,-1,-1,-1
411,-1,1174,542,49,112,1,-1,-1,-1
411,-1,1661,603,48,121,1,-1,-1,-1
412,-1,1264,564,34,73,1,-1,-1,-1
412,-1,1168,556,40,91,1,-1,-1,-1
412,-1,1363,571,36,72,1,-1,-1,-1
412,-1,1650,601,54,130,1,-1,-1,-1
413,-1,1663,596,52,144,1,-1,-1,-1
413,-1,1275,570,33,67,1,-1,-1,-1
413,-1,1160,561,40,87,1,-1,-1,-1
413,-1,1361,572,36,78,1,-1,-1,-1
413,-1,1114,761,83,142,1,-1,-1,-1
414,-1,1666,604,46,114,1,-1,-1,-1
414,-1,1279,567,40,76,1,-1,-1,-1
414,-1,1162,563,38,86,1,-1,-1,-1
415,-1,1164,548,39,98,1,-1,-1,-1
415,-1,1277,565,44,75,1,-1,-1,-1
415,-1,1667,606,45,108,1,-1,-1,-1
416,-1,1146,546,44,103,1,-1,-1,-1
416,-1,1270,560,48,79,1,-1,-1,-1
416,-1,812,664,138,316,1,-1,-1,-1
416,-1,1663,609,45,108,1,-1,-1,-1
416,-1,1091,537,38,100,1,-1,-1,-1
417,-1,1265,563,45,78,1,-1,-1,-1
417,-1,1148,550,40,88,1,-1,-1,-1
417,-1,1633,606,51,119,1,-1,-1,-1
417,-1,1085,557,35,82,1,-1,-1,-1
417,-1,783,663,143,316,1,-1,-1,-1
418,-1,1256,554,49,96,1,-1,-1,-1
418,-1,1153,552,40,92,1,-1,-1,-1
418,-1,1072,549,38,104,1,-1,-1,-1
418,-1,1621,596,65,152,1,-1,-1,-1
418,-1,753,676,148,299,1,-1,-1,-1
419,-1,1254,551,45,99,1,-1,-1,-1
419,-1,1166,548,45,94,1,-1,-1,-1
419,-1,732,674,124,298,1,-1,-1,-1
419,-1,1064,547,50,107,1,-1,-1,-1
420,-1,1175,551,43,92,1,-1,-1,-1
420,-1,1254,550,40,105,1,-1,-1,-1
420,-1,703,675,141,309,1,-1,-1,-1
420,-1,1061,543,42,109,1,-1,-1,-1
421,-1,1052,546,41,103,1,-1,-1,-1
421,-1,1174,559,46,88,1,-1,-1,-1
421,-1,1577,605,50,123,1,-1,-1,-1
421,-1,1577,640,57,124,1,-1,-1,-1
422,-1,1041,536,50,111,1,-1,-1,-1
422,-1,1169,549,49,93,1,-1,-1,-1
422,-1,966,544,41,101,1,-1,-1,-1
422,-1,1560,613,64,162,1,-1,-1,-1
423,-1,1053,544,40,98,1,-1,-1,-1
423,-1,1165,554,43,87,1,-1,-1,-1
423,-1,1539,626,62,152,1,-1,-1,-1
423,-1,1726,633,66,149,1,-1,-1,-1
423,-1,610,677,136,317,1,-1,-1,-1
423,-1,981,545,38,107,1,-1,-1,-1
423,-1,1556,603,49,139,1,-1,-1,-1
424,-1,1041,549,45,97,1,-1,-1,-1
424,-1,1157,557,47,88,1,-1,-1,-1
424,-1,985,546,39,106,1,-1,-1,-1
424,-1,563,683,150,319,1,-1,-1,-1
425,-1,1059,548,42,89,1,-1,-1,-1
425,-1,1154,549,42,95,1,-1,-1,-1
425,-1,968,542,42,110,1,-1,-1,-1
426,-1,957,539,45,111,1,-1,-1,-1
426,-1,1468,589,65,167,1,-1,-1,-1
426,-1,1075,551,39,83,1,-1,-1,-1
426,-1,1148,554,40,104,1,-1,-1,-1
427,-1,953,534,44,109,1,-1,-1,-1
427,-1,457,707,163,328,1,-1,-1,-1
427,-1,1081,559,37,76,1,-1,-1,-1
427,-1,1467,603,58,120,1,-1,-1,-1
427,-1,688,786,159,288,1,-1,-1,-1
428,-1,1060,555,46,95,1,-1,-1,-1
428,-1,953,544,42,99,1,-1,-1,-1
428,-1,1455,594,70,173,1,-1,-1,-1
428,-1,429,706,111,325,1,-1,-1,-1
428,-1,878,544,43,118,1,-1,-1,-1
428,-1,1621,621,75,166,1,-1,-1,-1
429,-1,1054,551,46,108,1,-1,-1,-1
429,-1,959,548,38,95,1,-1,-1,-1
429,-1,397,709,120,335,1,-1,-1,-1
429,-1,1458,598,60,157,1,-1,-1,-1
429,-1,878,537,47,123,1,-1,-1,-1
429,-1,1443,614,68,185,1,-1,-1,-1
430,-1,970,565,38,83,1,-1,-1,-1
430,-1,1415,615,81,190,1,-1,-1,-1
430,-1,866,553,41,102,1,-1,-1,-1
430,-1,1052,561,45,97,1,-1,-1,-1
430,-1,1559,621,77,168,1,-1,-1,-1
431,-1,967,563,47,93,1,-1,-1,-1
431,-1,322,715,121,338,1,-1,-1,-1
431,-1,1546,613,77,181,1,-1,-1,-1
431,-1,865,543,50,119,1,-1,-1,-1
431,-1,1410,619,68,176,1,-1,-1,-1
431,-1,1041,555,44,123,1,-1,-1,-1
432,-1,1529,617,69,190,1,-1,-1,-1
432,-1,970,566,47,94,1,-1,-1,-1
432,-1,1356,624,62,177,1,-1,-1,-1
432,-1,867,544,42,107,1,-1,-1,-1
432,-1,1417,625,65,165,1,-1,-1,-1
433,-1,1515,619,77,190,1,-1,-1,-1
433,-1,1349,631,56,158,1,-1,-1,-1
433,-1,975,567,40,93,1,-1,-1,-1
434,-1,956,563,46,101,1,-1,-1,-1
434,-1,835,549,46,110,1,-1,-1,-1
434,-1,1470,623,57,173,1,-1,-1,-1
434,-1,1349,630,58,158,1,-1,-1,-1
435,-1,1335,630,64,177,1,-1,-1,-1
435,-1,1456,619,72,197,1,-1,-1,-1
435,-1,945,581,52,111,1,-1,-1,-1
435,-1,952,567,42,92,1,-1,-1,-1
435,-1,865,568,41,86,1,-1,-1,-1
436,-1,1449,621,65,197,1,-1,-1,-1
436,-1,864,562,53,99,1,-1,-1,-1
436,-1,1336,632,57,169,1,-1,-1,-1
436,-1,746,537,63,130,1,-1,-1,-1
437,-1,1423,615,74,201,1,-1,-1,-1
437,-1,748,542,52,124,1,-1,-1,-1
437,-1,865,568,50,99,1,-1,-1,-1
437,-1,1318,625,58,176,1,-1,-1,-1
437,-1,1257,632,61,156,1,-1,-1,-1
438,-1,1255,634,62,172,1,-1,-1,-1
438,-1,729,544,53,120,1,-1,-1,-1
438,-1,1407,621,69,196,1,-1,-1,-1
438,-1,1336,624,61,193,1,-1,-1,-1
438,-1,857,577,54,117,1,-1,-1,-1
438,-1,675,554,43,105,1,-1,-1,-1
439,-1,1251,631,68,183,1,-1,-1,-1
439,-1,1352,612,70,206,1,-1,-1,-1
439,-1,843,582,55,109,1,-1,-1,-1
439,-1,729,556,46,102,1,-1,-1,-1
439,-1,661,546,46,114,1,-1,-1,-1
440,-1,1349,621,70,200,1,-1,-1,-1
440,-1,1257,629,57,180,1,-1,-1,-1
440,-1,644,539,64,133,1,-1,-1,-1
440,-1,839,577,54,116,1,-1,-1,-1
440,-1,758,562,50,102,1,-1,-1,-1
440,-1,851,569,45,88,1,-1,-1,-1
441,-1,637,533,61,140,1,-1,-1,-1
441,-1,1318,613,75,211,1,-1,-1,-1
441,-1,1245,633,56,154,1,-1,-1,-1
441,-1,764,562,48,110,1,-1,-1,-1
442,-1,641,537,57,129,1,-1,-1,-1
442,-1,1231,615,60,207,1,-1,-1,-1
442,-1,1316,612,67,211,1,-1,-1,-1
442,-1,745,560,47,108,1,-1,-1,-1
442,-1,1133,644,63,149,1,-1,-1,-1
443,-1,1222,619,72,203,1,-1,-1,-1
443,-1,743,575,60,127,1,-1,-1,-1
443,-1,1147,655,63,113,1,-1,-1,-1
443,-1,618,543,53,124,1,-1,-1,-1
443,-1,554,546,48,123,1,-1,-1,-1
444,-1,1156,643,62,135,1,-1,-1,-1
444,-1,1234,625,67,191,1,-1,-1,-1
445,-1,1158,640,54,157,1,-1,-1,-1
445,-1,1053,650,65,121,1,-1,-1,-1
445,-1,533,537,65,138,1,-1,-1,-1
446,-1,1138,644,54,162,1,-1,-1,-1
446,-1,531,526,61,147,1,-1,-1,-1
446,-1,1053,652,50,119,1,-1,-1,-1
447,-1,1114,633,69,194,1,-1,-1,-1
447,-1,1053,648,52,123,1,-1,-1,-1
447,-1,508,522,65,152,1,-1,-1,-1
448,-1,1062,652,52,126,1,-1,-1,-1
448,-1,440,532,59,141,1,-1,-1,-1
448,-1,535,521,59,156,1,-1,-1,-1
449,-1,1056,643,61,169,1,-1,-1,-1
449,-1,440,527,62,141,1,-1,-1,-1
449,-1,942,654,59,117,1,-1,-1,-1
450,-1,1027,636,72,197,1,-1,-1,-1
450,-1,359,538,51,128,1,-1,-1,-1
450,-1,937,658,60,127,1,-1,-1,-1
450,-1,425,524,55,141,1,-1,-1,-1
451,-1,1005,631,74,207,1,-1,-1,-1
451,-1,334,535,55,137,1,-1,-1,-1
451,-1,1794,760,116,320,1,-1,-1,-1
451,-1,955,647,60,167,1,-1,-1,-1
452,-1,958,647,69,175,1,-1,-1,-1
453,-1,943,635,81,209,1,-1,-1,-1
453,-1,1719,786,190,290,1,-1,-1,-1
453,-1,445,569,61,154,1,-1,-1,-1
453,-1,261,556,47,103,1,-1,-1,-1
454,-1,1706,776,189,304,1,-1,-1,-1
454,-1,918,645,75,190,1,-1,-1,-1
454,-1,444,582,47,125,1,-1,-1,-1
455,-1,1682,789,179,287,1,-1,-1,-1
455,-1,712,681,114,296,1,-1,-1,-1
456,-1,1642,782,187,290,1,-1,-1,-1
456,-1,352,576,57,143,1,-1,-1,-1
456,-1,844,642,81,206,1,-1,-1,-1
456,-1,673,681,129,295,1,-1,-1,-1
456,-1,442,578,52,136,1,-1,-1,-1
457,-1,1610,769,183,311,1,-1,-1,-1
457,-1,328,580,59,140,1,-1,-1,-1
457,-1,826,638,84,218,1,-1,-1,-1
457,-1,617,686,132,314,1,-1,-1,-1
458,-1,1579,762,178,318,1,-1,-1,-1
458,-1,323,574,61,152,1,-1,-1,-1
458,-1,134,594,57,98,1,-1,-1,-1
458,-1,812,657,60,165,1,-1,-1,-1
459,-1,261,588,56,132,1,-1,-1,-1
459,-1,337,575,55,152,1,-1,-1,-1
459,-1,741,676,80,193,1,-1,-1,-1
459,-1,1535,771,204,297,1,-1,-1,-1
459,-1,410,576,54,153,1,-1,-1,-1
460,-1,1509,772,175,308,1,-1,-1,-1
460,-1,238,577,58,164,1,-1,-1,-1
460,-1,336,583,56,139,1,-1,-1,-1
460,-1,739,648,77,215,1,-1,-1,-1
461,-1,218,584,64,153,1,-1,-1,-1
461,-1,1481,783,170,293,1,-1,-1,-1
461,-1,708,672,91,210,1,-1,-1,-1
461,-1,323,581,54,146,1,-1,-1,-1
461,-1,154,597,47,109,1,-1,-1,-1
461,-1,459,724,141,298,1,-1,-1,-1
462,-1,632,682,75,195,1,-1,-1,-1
462,-1,405,739,146,310,1,-1,-1,-1
462,-1,148,591,49,137,1,-1,-1,-1
462,-1,233,587,48,143,1,-1,-1,-1
462,-1,1438,786,194,288,1,-1,-1,-1
463,-1,1404,794,191,285,1,-1,-1,-1
463,-1,371,732,150,324,1,-1,-1,-1
463,-1,134,578,58,170,1,-1,-1,-1
463,-1,631,672,87,215,1,-1,-1,-1
463,-1,233,577,56,158,1,-1,-1,-1
464,-1,114,580,67,173,1,-1,-1,-1
464,-1,233,583,55,149,1,-1,-1,-1
464,-1,612,678,77,215,1,-1,-1,-1
464,-1,1371,804,186,272,1,-1,-1,-1
464,-1,345,756,132,313,1,-1,-1,-1
465,-1,1328,825,206,250,1,-1,-1,-1
465,-1,524,690,87,213,1,-1,-1,-1
465,-1,111,579,56,166,1,-1,-1,-1
465,-1,224,584,55,162,1,-1,-1,-1
466,-1,1304,831,192,249,1,-1,-1,-1
466,-1,526,678,91,229,1,-1,-1,-1
467,-1,513,684,81,216,1,-1,-1,-1
469,-1,50,767,202,298,1,-1,-1,-1
469,-1,430,691,86,200,1,-1,-1,-1
470,-1,311,637,123,291,1,-1,-1,-1
470,-1,412,692,75,204,1,-1,-1,-1
471,-1,299,672,123,279,1,-1,-1,-1
472,-1,220,661,122,291,1,-1,-1,-1
472,-1,331,699,78,179,1,-1,-1,-1
475,-1,227,706,61,199,1,-1,-1,-1
483,-1,1705,634,176,295,1,-1,-1,-1
484,-1,1668,632,171,294,1,-1,-1,-1
485,-1,1638,624,155,310,1,-1,-1,-1
486,-1,1597,638,163,305,1,-1,-1,-1
487,-1,1545,629,172,310,1,-1,-1,-1
488,-1,1516,629,145,323,1,-1,-1,-1
489,-1,1474,651,152,297,1,-1,-1,-1
490,-1,1436,653,145,302,1,-1,-1,-1
490,-1,241,933,198,147,1,-1,-1,-1
491,-1,1391,664,140,302,1,-1,-1,-1
506,-1,1771,657,61,138,1,-1,-1,-1
507,-1,641,685,119,300,1,-1,-1,-1
508,-1,1757,681,73,148,1,-1,-1,-1
509,-1,1735,671,80,165,1,-1,-1,-1
509,-1,542,703,160,330,1,-1,-1,-1
510,-1,499,714,134,330,1,-1,-1,-1
510,-1,1689,678,83,167,1,-1,-1,-1
510,-1,1649,691,71,139,1,-1,-1,-1
511,-1,427,718,181,325,1,-1,-1,-1
511,-1,1650,694,71,145,1,-1,-1,-1
512,-1,1612,682,81,177,1,-1,-1,-1
512,-1,391,728,147,322,1,-1,-1,-1
512,-1,1578,686,59,154,1,-1,-1,-1
513,-1,1544,686,76,164,1,-1,-1,-1
513,-1,291,732,202,329,1,-1,-1,-1
513,-1,1591,684,71,177,1,-1,-1,-1
514,-1,1543,688,73,168,1,-1,-1,-1
514,-1,247,742,188,333,1,-1,-1,-1
515,-1,1511,688,80,176,1,-1,-1,-1
515,-1,172,756,215,316,1,-1,-1,-1
515,-1,1470,685,70,163,1,-1,-1,-1
516,-1,1439,689,73,163,1,-1,-1,-1
516,-1,1539,581,41,128,1,-1,-1,-1
516,-1,1548,570,37,89,1,-1,-1,-1
517,-1,1445,695,74,162,1,-1,-1,-1
517,-1,72,760,197,310,1,-1,-1,-1
518,-1,1433,692,74,171,1,-1,-1,-1
518,-1,1367,691,70,161,1,-1,-1,-1
518,-1,38,767,167,313,1,-1,-1,-1
519,-1,1345,694,75,161,1,-1,-1,-1
519,-1,1465,563,40,105,1,-1,-1,-1
519,-1,1383,692,82,167,1,-1,-1,-1
520,-1,1338,698,69,159,1,-1,-1,-1
520,-1,1435,566,45,103,1,-1,-1,-1
521,-1,1340,691,67,172,1,-1,-1,-1
521,-1,1263,695,68,163,1,-1,-1,-1
522,-1,1289,693,80,176,1,-1,-1,-1
522,-1,1379,566,45,107,1,-1,-1,-1
522,-1,1241,694,72,167,1,-1,-1,-1
523,-1,1236,696,73,170,1,-1,-1,-1
523,-1,1366,556,43,112,1,-1,-1,-1
523,-1,1658,743,81,217,1,-1,-1,-1
524,-1,1244,687,76,187,1,-1,-1,-1
524,-1,1152,691,77,176,1,-1,-1,-1
524,-1,1337,562,49,106,1,-1,-1,-1
525,-1,1194,686,78,195,1,-1,-1,-1
525,-1,1134,690,77,185,1,-1,-1,-1
525,-1,1323,560,47,98,1,-1,-1,-1
526,-1,1131,689,75,193,1,-1,-1,-1
526,-1,1283,566,45,107,1,-1,-1,-1
526,-1,1554,739,83,231,1,-1,-1,-1
527,-1,1146,693,75,199,1,-1,-1,-1
527,-1,1059,694,68,169,1,-1,-1,-1
527,-1,1263,563,46,106,1,-1,-1,-1
527,-1,1533,738,83,233,1,-1,-1,-1
528,-1,1230,567,49,106,1,-1,-1,-1
528,-1,1046,694,67,189,1,-1,-1,-1
528,-1,1100,696,72,206,1,-1,-1,-1
529,-1,1037,699,70,201,1,-1,-1,-1
529,-1,1085,696,70,203,1,-1,-1,-1
529,-1,1227,563,50,108,1,-1,-1,-1
530,-1,1044,701,76,207,1,-1,-1,-1
530,-1,1189,564,43,111,1,-1,-1,-1
530,-1,961,713,61,140,1,-1,-1,-1
531,-1,1170,557,51,121,1,-1,-1,-1
531,-1,934,702,75,193,1,-1,-1,-1
532,-1,917,707,79,193,1,-1,-1,-1
532,-1,1147,566,46,109,1,-1,-1,-1
532,-1,987,704,75,200,1,-1,-1,-1
533,-1,1128,564,47,113,1,-1,-1,-1
533,-1,935,717,89,205,1,-1,-1,-1
533,-1,1312,749,126,259,1,-1,-1,-1
534,-1,1280,740,135,278,1,-1,-1,-1
534,-1,1133,566,46,106,1,-1,-1,-1
534,-1,910,728,89,200,1,-1,-1,-1
535,-1,1084,570,43,105,1,-1,-1,-1
535,-1,830,726,74,204,1,-1,-1,-1
535,-1,1071,571,41,115,1,-1,-1,-1
535,-1,885,729,75,201,1,-1,-1,-1
536,-1,1069,553,54,134,1,-1,-1,-1
536,-1,838,721,87,219,1,-1,-1,-1
536,-1,1222,752,132,266,1,-1,-1,-1
537,-1,1194,743,147,275,1,-1,-1,-1
537,-1,831,726,72,224,1,-1,-1,-1
537,-1,1057,566,40,109,1,-1,-1,-1
537,-1,1041,570,40,122,1,-1,-1,-1
538,-1,1025,573,46,120,1,-1,-1,-1
538,-1,1144,739,182,288,1,-1,-1,-1
538,-1,727,726,77,219,1,-1,-1,-1
539,-1,740,731,86,223,1,-1,-1,-1
539,-1,990,574,44,120,1,-1,-1,-1
539,-1,1028,570,52,138,1,-1,-1,-1
540,-1,1105,753,158,288,1,-1,-1,-1
540,-1,971,568,47,130,1,-1,-1,-1
540,-1,721,738,76,202,1,-1,-1,-1
541,-1,1073,746,187,298,1,-1,-1,-1
541,-1,961,574,42,122,1,-1,-1,-1
541,-1,694,748,74,166,1,-1,-1,-1
541,-1,621,748,76,202,1,-1,-1,-1
542,-1,946,578,43,118,1,-1,-1,-1
542,-1,650,758,76,186,1,-1,-1,-1
543,-1,926,582,46,115,1,-1,-1,-1
543,-1,620,757,78,195,1,-1,-1,-1
544,-1,927,577,49,129,1,-1,-1,-1
544,-1,500,745,122,272,1,-1,-1,-1
544,-1,595,760,73,176,1,-1,-1,-1
544,-1,894,585,39,116,1,-1,-1,-1
544,-1,520,763,73,188,1,-1,-1,-1
545,-1,872,580,41,116,1,-1,-1,-1
545,-1,482,741,132,275,1,-1,-1,-1
546,-1,860,581,46,112,1,-1,-1,-1
546,-1,423,742,115,276,1,-1,-1,-1
547,-1,851,582,47,116,1,-1,-1,-1
547,-1,391,755,130,287,1,-1,-1,-1
548,-1,829,580,48,119,1,-1,-1,-1
548,-1,333,746,105,288,1,-1,-1,-1
549,-1,826,573,52,129,1,-1,-1,-1
550,-1,778,588,44,107,1,-1,-1,-1
550,-1,308,783,120,285,1,-1,-1,-1
550,-1,828,574,50,141,1,-1,-1,-1
551,-1,760,590,50,114,1,-1,-1,-1
551,-1,193,770,154,290,1,-1,-1,-1
552,-1,195,774,140,299,1,-1,-1,-1
552,-1,755,586,45,111,1,-1,-1,-1
553,-1,743,583,42,109,1,-1,-1,-1
553,-1,92,778,178,295,1,-1,-1,-1
554,-1,720,589,51,118,1,-1,-1,-1
554,-1,94,794,148,273,1,-1,-1,-1
555,-1,683,591,48,108,1,-1,-1,-1
555,-1,714,577,52,129,1,-1,-1,-1
555,-1,19,792,113,281,1,-1,-1,-1
555,-1,91,794,130,275,1,-1,-1,-1
556,-1,667,589,46,111,1,-1,-1,-1
556,-1,28,800,123,269,1,-1,-1,-1
557,-1,655,586,52,117,1,-1,-1,-1
557,-1,691,777,117,294,1,-1,-1,-1
558,-1,642,592,48,105,1,-1,-1,-1
559,-1,627,586,51,114,1,-1,-1,-1
559,-1,611,786,131,275,1,-1,-1,-1
560,-1,625,579,48,130,1,-1,-1,-1
560,-1,593,781,132,289,1,-1,-1,-1
560,-1,578,586,43,118,1,-1,-1,-1
561,-1,584,772,127,305,1,-1,-1,-1
561,-1,572,584,52,117,1,-1,-1,-1
562,-1,571,778,124,300,1,-1,-1,-1
562,-1,555,589,54,111,1,-1,-1,-1
563,-1,553,590,51,113,1,-1,-1,-1
563,-1,529,787,126,289,1,-1,-1,-1
564,-1,508,781,124,299,1,-1,-1,-1
564,-1,539,592,60,116,1,-1,-1,-1
565,-1,522,584,59,129,1,-1,-1,-1
565,-1,488,796,122,284,1,-1,-1,-1
566,-1,515,591,49,125,1,-1,-1,-1
566,-1,453,792,137,282,1,-1,-1,-1
567,-1,425,803,136,272,1,-1,-1,-1
567,-1,494,590,66,134,1,-1,-1,-1
568,-1,457,592,59,120,1,-1,-1,-1
568,-1,389,814,144,266,1,-1,-1,-1
569,-1,367,814,148,266,1,-1,-1,-1
569,-1,432,606,81,120,1,-1,-1,-1
570,-1,430,598,74,115,1,-1,-1,-1
570,-1,333,806,152,270,1,-1,-1,-1
571,-1,413,602,76,120,1,-1,-1,-1
571,-1,314,809,147,265,1,-1,-1,-1
572,-1,400,606,70,121,1,-1,-1,-1
572,-1,272,815,162,264,1,-1,-1,-1
573,-1,253,824,159,251,1,-1,-1,-1
573,-1,388,604,68,129,1,-1,-1,-1
574,-1,357,601,70,128,1,-1,-1,-1
575,-1,342,610,75,116,1,-1,-1,-1
575,-1,196,824,160,253,1,-1,-1,-1
576,-1,331,609,76,126,1,-1,-1,-1
576,-1,170,831,162,243,1,-1,-1,-1
577,-1,317,609,73,129,1,-1,-1,-1
578,-1,296,607,73,134,1,-1,-1,-1
579,-1,75,837,172,240,1,-1,-1,-1
579,-1,283,603,72,136,1,-1,-1,-1
580,-1,37,845,178,231,1,-1,-1,-1
580,-1,255,608,69,130,1,-1,-1,-1
581,-1,240,607,77,135,1,-1,-1,-1
582,-1,232,607,72,137,1,-1,-1,-1
583,-1,217,603,79,145,1,-1,-1,-1
584,-1,200,599,78,153,1,-1,-1,-1
587,-1,130,617,88,152,1,-1,-1,-1
588,-1,125,621,83,149,1,-1,-1,-1
588,-1,1773,584,55,176,1,-1,-1,-1
589,-1,109,630,99,145,1,-1,-1,-1
590,-1,106,628,91,148,1,-1,-1,-1
591,-1,93,627,87,149,1,-1,-1,-1
591,-1,1769,573,59,188,1,-1,-1,-1
592,-1,1773,572,58,184,1,-1,-1,-1
593,-1,73,634,79,154,1,-1,-1,-1
593,-1,1771,574,62,178,1,-1,-1,-1
594,-1,1768,575,66,172,1,-1,-1,-1
595,-1,37,630,93,155,1,-1,-1,-1
596,-1,29,637,89,161,1,-1,-1,-1
597,-1,22,640,91,164,1,-1,-1,-1
597,-1,1766,579,79,181,1,-1,-1,-1
598,-1,1772,594,69,162,1,-1,-1,-1
598,-1,12,646,84,169,1,-1,-1,-1
599,-1,1770,581,71,177,1,-1,-1,-1
617,-1,261,539,39,99,1,-1,-1,-1
618,-1,255,542,43,93,1,-1,-1,-1
619,-1,250,542,48,95,1,-1,-1,-1
620,-1,250,543,43,94,1,-1,-1,-1
621,-1,250,546,43,91,1,-1,-1,-1
622,-1,251,547,40,96,1,-1,-1,-1
623,-1,248,550,44,96,1,-1,-1,-1
624,-1,247,547,44,94,1,-1,-1,-1
625,-1,251,560,41,86,1,-1,-1,-1
626,-1,250,554,42,93,1,-1,-1,-1
627,-1,255,564,36,85,1,-1,-1,-1
628,-1,251,563,41,89,1,-1,-1,-1
629,-1,248,561,44,90,1,-1,-1,-1
630,-1,247,561,44,88,1,-1,-1,-1
631,-1,246,562,45,90,1,-1,-1,-1
632,-1,250,561,44,83,1,-1,-1,-1
633,-1,249,553,44,95,1,-1,-1,-1
634,-1,248,548,48,100,1,-1,-1,-1
635,-1,247,543,52,109,1,-1,-1,-1
636,-1,250,544,53,106,1,-1,-1,-1
637,-1,242,527,55,127,1,-1,-1,-1
637,-1,228,494,48,112,1,-1,-1,-1
639,-1,254,560,48,97,1,-1,-1,-1
640,-1,251,556,52,108,1,-1,-1,-1
659,-1,357,607,42,101,1,-1,-1,-1
663,-1,382,611,39,102,1,-1,-1,-1
666,-1,414,616,49,83,1,-1,-1,-1
668,-1,432,594,70,116,1,-1,-1,-1
669,-1,449,598,53,106,1,-1,-1,-1
670,-1,451,592,59,114,1,-1,-1,-1
671,-1,455,597,64,105,1,-1,-1,-1
685,-1,664,609,49,92,1,-1,-1,-1
689,-1,732,582,55,115,1,-1,-1,-1
690,-1,736,581,61,117,1,-1,-1,-1
691,-1,756,595,58,107,1,-1,-1,-1
692,-1,763,591,55,113,1,-1,-1,-1
693,-1,770,589,61,117,1,-1,-1,-1
696,-1,830,591,68,122,1,-1,-1,-1
697,-1,838,594,70,125,1,-1,-1,-1
698,-1,847,598,70,123,1,-1,-1,-1
699,-1,875,588,57,133,1,-1,-1,-1
701,-1,896,593,65,133,1,-1,-1,-1
702,-1,923,602,55,131,1,-1,-1,-1
703,-1,943,605,60,130,1,-1,-1,-1
703,-1,782,483,16,37,1,-1,-1,-1
703,-1,557,495,42,99,1,-1,-1,-1
704,-1,782,473,20,50,1,-1,-1,-1
704,-1,559,497,41,105,1,-1,-1,-1
704,-1,957,626,60,132,1,-1,-1,-1
705,-1,776,465,21,57,1,-1,-1,-1
706,-1,999,620,66,145,1,-1,-1,-1
706,-1,784,478,18,44,1,-1,-1,-1
707,-1,1020,619,64,150,1,-1,-1,-1
708,-1,1043,625,68,145,1,-1,-1,-1
709,-1,1055,628,69,143,1,-1,-1,-1
710,-1,1072,643,65,145,1,-1,-1,-1
711,-1,1102,627,75,162,1,-1,-1,-1
712,-1,1111,638,69,162,1,-1,-1,-1
712,-1,784,510,19,43,1,-1,-1,-1
713,-1,1132,632,73,159,1,-1,-1,-1
713,-1,776,504,24,49,1,-1,-1,-1
714,-1,1140,635,88,166,1,-1,-1,-1
714,-1,787,510,23,49,1,-1,-1,-1
715,-1,1150,636,83,161,1,-1,-1,-1
716,-1,789,510,21,46,1,-1,-1,-1
717,-1,786,519,19,39,1,-1,-1,-1
718,-1,1206,636,102,155,1,-1,-1,-1
718,-1,801,513,22,46,1,-1,-1,-1
719,-1,1233,638,93,166,1,-1,-1,-1
719,-1,802,516,21,43,1,-1,-1,-1
720,-1,1241,637,91,166,1,-1,-1,-1
720,-1,809,508,24,52,1,-1,-1,-1
721,-1,799,508,23,55,1,-1,-1,-1
729,-1,861,514,24,52,1,-1,-1,-1
732,-1,863,532,21,40,1,-1,-1,-1
734,-1,858,523,24,48,1,-1,-1,-1
734,-1,616,565,48,92,1,-1,-1,-1
736,-1,614,561,50,103,1,-1,-1,-1
737,-1,867,524,22,43,1,-1,-1,-1
738,-1,626,568,42,84,1,-1,-1,-1
739,-1,625,570,40,76,1,-1,-1,-1
739,-1,878,515,22,54,1,-1,-1,-1
739,-1,616,574,46,114,1,-1,-1,-1
740,-1,627,571,39,79,1,-1,-1,-1
741,-1,630,573,41,70,1,-1,-1,-1
743,-1,610,578,49,112,1,-1,-1,-1
744,-1,606,574,53,122,1,-1,-1,-1
745,-1,610,578,51,119,1,-1,-1,-1
745,-1,874,533,22,45,1,-1,-1,-1
746,-1,876,536,20,45,1,-1,-1,-1
746,-1,610,578,51,113,1,-1,-1,-1
747,-1,602,580,56,117,1,-1,-1,-1
747,-1,877,527,21,53,1,-1,-1,-1
748,-1,605,578,56,120,1,-1,-1,-1
748,-1,876,528,22,52,1,-1,-1,-1
749,-1,607,578,53,118,1,-1,-1,-1
749,-1,872,536,25,45,1,-1,-1,-1
750,-1,606,579,53,116,1,-1,-1,-1
750,-1,873,533,25,50,1,-1,-1,-1
