1,-1,1245,522,62,131,1,-1,-1,-1
1,-1,1259,504,47,103,1,-1,-1,-1
1,-1,1700,408,173,312,1,-1,-1,-1
2,-1,1246,519,66,137,1,-1,-1,-1
2,-1,1698,385,171,349,1,-1,-1,-1
3,-1,1247,521,61,131,1,-1,-1,-1
3,-1,1704,391,166,343,1,-1,-1,-1
3,-1,1256,508,46,86,1,-1,-1,-1
4,-1,1689,393,179,336,1,-1,-1,-1
4,-1,1250,518,66,139,1,-1,-1,-1
4,-1,1253,498,55,112,1,-1,-1,-1
5,-1,1681,413,178,308,1,-1,-1,-1
5,-1,1258,525,63,128,1,-1,-1,-1
5,-1,1254,501,53,108,1,-1,-1,-1
6,-1,1678,397,184,327,1,-1,-1,-1
6,-1,1260,523,62,133,1,-1,-1,-1
7,-1,1690,400,170,328,1,-1,-1,-1
7,-1,1256,501,56,99,1,-1,-1,-1
7,-1,1323,479,54,151,1,-1,-1,-1
8,-1,1685,400,173,330,1,-1,-1,-1
9,-1,1679,398,181,335,1,-1,-1,-1
10,-1,1675,410,183,325,1,-1,-1,-1
10,-1,1,229,166,686,1,-1,-1,-1
11,-1,1669,411,184,322,1,-1,-1,-1
11,-1,2,235,173,677,1,-1,-1,-1
12,-1,1670,411,180,326,1,-1,-1,-1
12,-1,2,237,179,674,1,-1,-1,-1
13,-1,1685,412,168,328,1,-1,-1,-1
13,-1,3,239,189,682,1,-1,-1,-1
14,-1,1680,415,168,328,1,-1,-1,-1
14,-1,5,237,189,684,1,-1,-1,-1
14,-1,1343,469,56,178,1,-1,-1,-1
15,-1,6,247,208,661,1,-1,-1,-1
15,-1,1338,465,60,184,1,-1,-1,-1
15,-1,1669,379,182,354,1,-1,-1,-1
16,-1,8,254,219,650,1,-1,-1,-1
16,-1,1340,465,59,184,1,-1,-1,-1
17,-1,10,255,225,646,1,-1,-1,-1
17,-1,1336,467,63,183,1,-1,-1,-1
17,-1,1668,412,168,327,1,-1,-1,-1
18,-1,11,259,232,640,1,-1,-1,-1
18,-1,1333,471,63,180,1,-1,-1,-1
19,-1,7,247,237,653,1,-1,-1,-1
19,-1,1668,411,164,327,1,-1,-1,-1
19,-1,1335,469,65,180,1,-1,-1,-1
20,-1,6,245,239,657,1,-1,-1,-1
20,-1,1671,403,160,340,1,-1,-1,-1
20,-1,1339,466,70,183,1,-1,-1,-1
21,-1,5,246,243,654,1,-1,-1,-1
21,-1,1672,404,155,341,1,-1,-1,-1
22,-1,4,240,247,658,1,-1,-1,-1
22,-1,1335,468,71,183,1,-1,-1,-1
22,-1,1670,400,153,346,1,-1,-1,-1
23,-1,9,255,251,643,1,-1,-1,-1
23,-1,1340,466,68,179,1,-1,-1,-1
23,-1,1690,411,136,339,1,-1,-1,-1
23,-1,1652,422,140,322,1,-1,-1,-1
23,-1,1814,365,102,379,1,-1,-1,-1
24,-1,6,245,278,650,1,-1,-1,-1
24,-1,1342,467,67,178,1,-1,-1,-1
24,-1,1815,355,101,397,1,-1,-1,-1
24,-1,1649,416,140,329,1,-1,-1,-1
25,-1,7,251,308,641,1,-1,-1,-1
25,-1,1637,413,160,337,1,-1,-1,-1
25,-1,1342,465,68,182,1,-1,-1,-1
25,-1,1813,354,104,398,1,-1,-1,-1
26,-1,7,249,321,641,1,-1,-1,-1
26,-1,1345,466,70,182,1,-1,-1,-1
26,-1,1810,350,107,409,1,-1,-1,-1
26,-1,1637,414,158,334,1,-1,-1,-1
27,-1,2,248,333,639,1,-1,-1,-1
27,-1,1810,352,108,407,1,-1,-1,-1
27,-1,1623,387,168,348,1,-1,-1,-1
27,-1,1347,465,71,183,1,-1,-1,-1
28,-1,3,264,336,623,1,-1,-1,-1
28,-1,1629,385,161,353,1,-1,-1,-1
28,-1,1812,342,105,418,1,-1,-1,-1
28,-1,1346,463,70,187,1,-1,-1,-1
29,-1,2,250,352,641,1,-1,-1,-1
29,-1,1344,464,68,187,1,-1,-1,-1
29,-1,1815,342,101,414,1,-1,-1,-1
29,-1,1630,388,158,351,1,-1,-1,-1
30,-1,1345,465,69,186,1,-1,-1,-1
30,-1,1808,336,110,426,1,-1,-1,-1
30,-1,1632,381,162,358,1,-1,-1,-1
31,-1,1344,464,72,187,1,-1,-1,-1
31,-1,1807,337,108,424,1,-1,-1,-1
31,-1,1625,383,168,360,1,-1,-1,-1
32,-1,1343,465,70,186,1,-1,-1,-1
32,-1,1624,388,169,358,1,-1,-1,-1
32,-1,1803,336,112,427,1,-1,-1,-1
33,-1,1341,463,73,190,1,-1,-1,-1
33,-1,68,279,338,593,1,-1,-1,-1
33,-1,1620,386,172,356,1,-1,-1,-1
33,-1,1803,332,113,431,1,-1,-1,-1
34,-1,74,274,335,599,1,-1,-1,-1
34,-1,1339,464,68,190,1,-1,-1,-1
34,-1,1800,332,117,437,1,-1,-1,-1
34,-1,1624,402,170,355,1,-1,-1,-1
35,-1,51,268,385,616,1,-1,-1,-1
35,-1,1619,372,177,387,1,-1,-1,-1
35,-1,1341,463,69,191,1,-1,-1,-1
35,-1,1800,332,117,435,1,-1,-1,-1
36,-1,23,269,415,620,1,-1,-1,-1
36,-1,1616,368,179,397,1,-1,-1,-1
36,-1,1341,465,67,189,1,-1,-1,-1
36,-1,1798,327,120,441,1,-1,-1,-1
37,-1,34,284,411,607,1,-1,-1,-1
37,-1,1341,469,72,184,1,-1,-1,-1
37,-1,1613,367,181,398,1,-1,-1,-1
37,-1,1796,327,120,446,1,-1,-1,-1
38,-1,62,272,389,619,1,-1,-1,-1
38,-1,1339,468,69,187,1,-1,-1,-1
38,-1,1612,392,179,374,1,-1,-1,-1
38,-1,1785,310,133,481,1,-1,-1,-1
39,-1,71,262,391,625,1,-1,-1,-1
39,-1,1346,466,70,189,1,-1,-1,-1
39,-1,1785,309,134,489,1,-1,-1,-1
40,-1,110,267,375,616,1,-1,-1,-1
40,-1,1344,465,71,190,1,-1,-1,-1
40,-1,1611,404,175,362,1,-1,-1,-1
40,-1,1792,325,125,455,1,-1,-1,-1
41,-1,150,292,339,588,1,-1,-1,-1
41,-1,1616,403,167,369,1,-1,-1,-1
41,-1,1345,466,69,187,1,-1,-1,-1
41,-1,1782,330,133,450,1,-1,-1,-1
42,-1,170,282,330,601,1,-1,-1,-1
42,-1,1344,465,70,189,1,-1,-1,-1
42,-1,1775,310,142,491,1,-1,-1,-1
42,-1,1608,390,179,382,1,-1,-1,-1
43,-1,232,302,288,582,1,-1,-1,-1
43,-1,1342,464,72,191,1,-1,-1,-1
43,-1,1780,327,134,466,1,-1,-1,-1
44,-1,1606,363,170,409,1,-1,-1,-1
44,-1,1340,464,71,190,1,-1,-1,-1
44,-1,1782,330,131,466,1,-1,-1,-1
45,-1,278,257,258,611,1,-1,-1,-1
45,-1,1611,363,159,414,1,-1,-1,-1
45,-1,1341,463,69,190,1,-1,-1,-1
45,-1,1778,325,136,468,1,-1,-1,-1
46,-1,1607,363,168,416,1,-1,-1,-1
46,-1,288,253,255,603,1,-1,-1,-1
46,-1,1341,463,66,191,1,-1,-1,-1
46,-1,1769,312,148,499,1,-1,-1,-1
47,-1,1608,357,171,420,1,-1,-1,-1
47,-1,1341,463,66,191,1,-1,-1,-1
47,-1,309,270,250,588,1,-1,-1,-1
47,-1,1769,306,146,510,1,-1,-1,-1
48,-1,1601,351,172,430,1,-1,-1,-1
48,-1,1342,463,65,190,1,-1,-1,-1
48,-1,1775,298,142,518,1,-1,-1,-1
49,-1,1601,355,173,430,1,-1,-1,-1
49,-1,337,274,253,576,1,-1,-1,-1
49,-1,1343,465,67,188,1,-1,-1,-1
49,-1,1774,297,143,513,1,-1,-1,-1
50,-1,345,320,299,530,1,-1,-1,-1
50,-1,1600,348,169,445,1,-1,-1,-1
50,-1,1342,465,66,189,1,-1,-1,-1
50,-1,1771,296,149,516,1,-1,-1,-1
51,-1,356,315,316,535,1,-1,-1,-1
51,-1,1598,368,177,428,1,-1,-1,-1
51,-1,1342,465,66,189,1,-1,-1,-1
51,-1,1772,293,147,523,1,-1,-1,-1
52,-1,360,322,352,530,1,-1,-1,-1
52,-1,1595,349,170,451,1,-1,-1,-1
52,-1,1342,465,66,191,1,-1,-1,-1
52,-1,1774,294,146,518,1,-1,-1,-1
53,-1,379,336,339,516,1,-1,-1,-1
53,-1,1591,357,180,445,1,-1,-1,-1
53,-1,1341,466,68,188,1,-1,-1,-1
54,-1,395,319,334,534,1,-1,-1,-1
54,-1,1588,352,180,443,1,-1,-1,-1
54,-1,1340,467,67,187,1,-1,-1,-1
54,-1,1767,290,153,533,1,-1,-1,-1
55,-1,396,335,332,519,1,-1,-1,-1
55,-1,1339,468,66,186,1,-1,-1,-1
55,-1,1577,391,180,402,1,-1,-1,-1
56,-1,431,468,281,368,1,-1,-1,-1
56,-1,1339,469,66,186,1,-1,-1,-1
56,-1,1581,369,181,432,1,-1,-1,-1
57,-1,1339,468,68,186,1,-1,-1,-1
57,-1,1586,348,173,451,1,-1,-1,-1
57,-1,448,305,280,540,1,-1,-1,-1
57,-1,1765,288,155,537,1,-1,-1,-1
58,-1,1341,467,65,188,1,-1,-1,-1
58,-1,1584,347,177,452,1,-1,-1,-1
59,-1,1340,468,67,185,1,-1,-1,-1
59,-1,1576,358,184,444,1,-1,-1,-1
60,-1,1343,469,63,184,1,-1,-1,-1
60,-1,1572,353,181,453,1,-1,-1,-1
60,-1,1761,297,159,524,1,-1,-1,-1
61,-1,1344,470,63,183,1,-1,-1,-1
61,-1,1557,354,190,446,1,-1,-1,-1
61,-1,1755,286,164,534,1,-1,-1,-1
62,-1,1343,468,62,186,1,-1,-1,-1
62,-1,558,277,262,558,1,-1,-1,-1
62,-1,1573,356,180,432,1,-1,-1,-1
62,-1,1755,286,165,537,1,-1,-1,-1
63,-1,588,274,278,571,1,-1,-1,-1
63,-1,1341,467,64,188,1,-1,-1,-1
64,-1,610,252,259,600,1,-1,-1,-1
64,-1,1341,467,64,188,1,-1,-1,-1
64,-1,1510,367,183,430,1,-1,-1,-1
65,-1,621,244,284,607,1,-1,-1,-1
65,-1,1342,469,63,186,1,-1,-1,-1
65,-1,626,433,244,397,1,-1,-1,-1
65,-1,1500,363,188,437,1,-1,-1,-1
66,-1,622,311,278,522,1,-1,-1,-1
66,-1,1341,467,65,186,1,-1,-1,-1
66,-1,1502,361,191,438,1,-1,-1,-1
67,-1,629,273,291,565,1,-1,-1,-1
67,-1,1340,466,67,187,1,-1,-1,-1
67,-1,1497,368,197,430,1,-1,-1,-1
68,-1,638,274,302,559,1,-1,-1,-1
68,-1,1341,466,66,189,1,-1,-1,-1
68,-1,1496,364,189,433,1,-1,-1,-1
69,-1,1340,466,66,190,1,-1,-1,-1
69,-1,1495,370,187,431,1,-1,-1,-1
69,-1,652,295,291,537,1,-1,-1,-1
70,-1,1498,380,190,416,1,-1,-1,-1
70,-1,1338,465,68,190,1,-1,-1,-1
71,-1,1495,380,193,409,1,-1,-1,-1
71,-1,1337,465,69,190,1,-1,-1,-1
72,-1,724,319,222,481,1,-1,-1,-1
72,-1,1493,379,193,417,1,-1,-1,-1
72,-1,1339,464,68,191,1,-1,-1,-1
73,-1,736,315,215,486,1,-1,-1,-1
73,-1,1491,373,194,432,1,-1,-1,-1
73,-1,1337,462,69,195,1,-1,-1,-1
74,-1,1488,368,196,440,1,-1,-1,-1
74,-1,747,315,219,491,1,-1,-1,-1
74,-1,1340,462,67,195,1,-1,-1,-1
74,-1,1680,286,213,516,1,-1,-1,-1
75,-1,1342,465,64,192,1,-1,-1,-1
75,-1,1492,371,191,437,1,-1,-1,-1
75,-1,1678,297,214,508,1,-1,-1,-1
75,-1,763,322,205,485,1,-1,-1,-1
75,-1,423,485,84,156,1,-1,-1,-1
76,-1,422,470,84,193,1,-1,-1,-1
76,-1,1340,465,63,191,1,-1,-1,-1
76,-1,1491,374,189,429,1,-1,-1,-1
76,-1,775,297,203,508,1,-1,-1,-1
76,-1,1677,289,215,516,1,-1,-1,-1
77,-1,425,467,84,186,1,-1,-1,-1
77,-1,1340,465,66,191,1,-1,-1,-1
77,-1,1490,368,194,441,1,-1,-1,-1
77,-1,787,331,216,484,1,-1,-1,-1
77,-1,1668,273,215,575,1,-1,-1,-1
78,-1,812,335,237,437,1,-1,-1,-1
78,-1,431,471,74,166,1,-1,-1,-1
78,-1,1340,464,64,191,1,-1,-1,-1
78,-1,1493,365,188,437,1,-1,-1,-1
79,-1,808,340,257,440,1,-1,-1,-1
79,-1,1484,371,195,433,1,-1,-1,-1
79,-1,1669,298,221,512,1,-1,-1,-1
80,-1,798,325,264,481,1,-1,-1,-1
80,-1,1343,466,58,186,1,-1,-1,-1
80,-1,1663,305,226,494,1,-1,-1,-1
80,-1,1334,515,55,141,1,-1,-1,-1
80,-1,1479,359,199,439,1,-1,-1,-1
81,-1,796,330,272,474,1,-1,-1,-1
81,-1,428,460,76,202,1,-1,-1,-1
81,-1,1483,357,193,446,1,-1,-1,-1
81,-1,1650,282,218,575,1,-1,-1,-1
81,-1,19,517,74,171,1,-1,-1,-1
81,-1,1344,465,59,188,1,-1,-1,-1
82,-1,847,313,207,457,1,-1,-1,-1
82,-1,1642,274,229,579,1,-1,-1,-1
82,-1,432,463,78,206,1,-1,-1,-1
82,-1,1478,355,201,447,1,-1,-1,-1
82,-1,20,515,73,168,1,-1,-1,-1
83,-1,883,314,172,446,1,-1,-1,-1
83,-1,1650,271,217,586,1,-1,-1,-1
83,-1,1476,357,204,455,1,-1,-1,-1
84,-1,890,315,183,468,1,-1,-1,-1
84,-1,1651,270,215,586,1,-1,-1,-1
84,-1,1477,348,202,463,1,-1,-1,-1
84,-1,1341,466,64,187,1,-1,-1,-1
85,-1,1466,349,214,474,1,-1,-1,-1
85,-1,918,304,162,469,1,-1,-1,-1
85,-1,1648,271,218,583,1,-1,-1,-1
85,-1,1341,464,68,189,1,-1,-1,-1
86,-1,1645,265,222,588,1,-1,-1,-1
86,-1,1464,338,216,479,1,-1,-1,-1
86,-1,1346,466,64,186,1,-1,-1,-1
87,-1,932,305,184,467,1,-1,-1,-1
87,-1,1345,467,69,184,1,-1,-1,-1
87,-1,1645,266,219,587,1,-1,-1,-1
87,-1,1461,339,210,492,1,-1,-1,-1
88,-1,936,309,206,469,1,-1,-1,-1
88,-1,1641,263,220,593,1,-1,-1,-1
88,-1,1348,467,73,188,1,-1,-1,-1
89,-1,940,308,224,469,1,-1,-1,-1
89,-1,1637,263,220,592,1,-1,-1,-1
89,-1,1351,470,66,182,1,-1,-1,-1
89,-1,422,460,84,212,1,-1,-1,-1
90,-1,959,313,208,464,1,-1,-1,-1
90,-1,1634,260,217,601,1,-1,-1,-1
90,-1,1349,468,64,184,1,-1,-1,-1
90,-1,414,463,83,213,1,-1,-1,-1
91,-1,963,319,212,450,1,-1,-1,-1
91,-1,1632,257,218,610,1,-1,-1,-1
91,-1,1347,469,67,186,1,-1,-1,-1
92,-1,1633,255,218,618,1,-1,-1,-1
92,-1,972,332,223,424,1,-1,-1,-1
93,-1,1626,254,226,621,1,-1,-1,-1
93,-1,986,328,210,422,1,-1,-1,-1
93,-1,1334,472,71,180,1,-1,-1,-1
93,-1,12,521,73,187,1,-1,-1,-1
94,-1,1625,260,227,621,1,-1,-1,-1
94,-1,1334,474,72,181,1,-1,-1,-1
94,-1,994,326,208,421,1,-1,-1,-1
94,-1,502,469,73,142,1,-1,-1,-1
94,-1,422,470,81,200,1,-1,-1,-1
95,-1,1622,259,226,623,1,-1,-1,-1
95,-1,1332,475,70,175,1,-1,-1,-1
95,-1,12,522,70,171,1,-1,-1,-1
95,-1,500,478,76,123,1,-1,-1,-1
95,-1,1369,312,258,549,1,-1,-1,-1
95,-1,1006,336,189,427,1,-1,-1,-1
96,-1,1616,259,232,625,1,-1,-1,-1
96,-1,11,520,69,183,1,-1,-1,-1
96,-1,499,481,76,140,1,-1,-1,-1
97,-1,1361,292,259,574,1,-1,-1,-1
97,-1,1605,248,211,625,1,-1,-1,-1
97,-1,1028,341,180,403,1,-1,-1,-1
97,-1,502,476,78,156,1,-1,-1,-1
98,-1,1606,240,221,638,1,-1,-1,-1
98,-1,1039,348,178,404,1,-1,-1,-1
98,-1,1360,289,255,584,1,-1,-1,-1
98,-1,1332,514,69,142,1,-1,-1,-1
99,-1,1614,233,221,644,1,-1,-1,-1
99,-1,1341,283,271,588,1,-1,-1,-1
99,-1,1045,330,173,423,1,-1,-1,-1
100,-1,1614,231,227,648,1,-1,-1,-1
100,-1,1345,286,264,590,1,-1,-1,-1
101,-1,1615,235,230,644,1,-1,-1,-1
101,-1,1324,285,272,587,1,-1,-1,-1
101,-1,13,516,75,201,1,-1,-1,-1
101,-1,1058,335,179,414,1,-1,-1,-1
102,-1,1610,229,237,649,1,-1,-1,-1
102,-1,1314,281,275,588,1,-1,-1,-1
102,-1,1077,314,172,439,1,-1,-1,-1
102,-1,337,466,69,187,1,-1,-1,-1
102,-1,513,462,71,178,1,-1,-1,-1
103,-1,1606,226,229,653,1,-1,-1,-1
103,-1,1089,324,175,428,1,-1,-1,-1
104,-1,1599,228,231,653,1,-1,-1,-1
104,-1,1099,319,173,433,1,-1,-1,-1
104,-1,1313,283,262,593,1,-1,-1,-1
105,-1,1592,228,231,656,1,-1,-1,-1
105,-1,1109,324,168,414,1,-1,-1,-1
105,-1,1308,281,250,601,1,-1,-1,-1
106,-1,1568,226,240,662,1,-1,-1,-1
106,-1,1310,278,249,612,1,-1,-1,-1
106,-1,1117,337,159,413,1,-1,-1,-1
107,-1,1560,224,239,670,1,-1,-1,-1
107,-1,1305,276,243,617,1,-1,-1,-1
107,-1,1128,343,158,411,1,-1,-1,-1
108,-1,1554,222,238,675,1,-1,-1,-1
108,-1,1311,278,242,616,1,-1,-1,-1
108,-1,1149,351,127,392,1,-1,-1,-1
109,-1,1555,224,225,676,1,-1,-1,-1
109,-1,1300,275,247,621,1,-1,-1,-1
109,-1,1169,344,132,391,1,-1,-1,-1
110,-1,1547,226,228,676,1,-1,-1,-1
110,-1,1310,267,223,633,1,-1,-1,-1
110,-1,1166,346,139,378,1,-1,-1,-1
111,-1,1538,224,235,675,1,-1,-1,-1
111,-1,1301,258,219,637,1,-1,-1,-1
112,-1,1533,224,235,679,1,-1,-1,-1
112,-1,1285,252,235,647,1,-1,-1,-1
113,-1,1516,230,237,692,1,-1,-1,-1
113,-1,1259,261,257,657,1,-1,-1,-1
114,-1,1512,226,234,706,1,-1,-1,-1
114,-1,1240,265,279,656,1,-1,-1,-1
115,-1,1506,230,232,703,1,-1,-1,-1
115,-1,1222,264,297,662,1,-1,-1,-1
116,-1,1500,223,231,711,1,-1,-1,-1
116,-1,1205,265,312,663,1,-1,-1,-1
117,-1,1501,219,239,718,1,-1,-1,-1
117,-1,1189,266,327,661,1,-1,-1,-1
117,-1,14,517,74,168,1,-1,-1,-1
118,-1,1489,211,248,728,1,-1,-1,-1
118,-1,1185,263,322,665,1,-1,-1,-1
118,-1,17,516,77,171,1,-1,-1,-1
119,-1,1486,198,256,744,1,-1,-1,-1
119,-1,1181,277,323,656,1,-1,-1,-1
120,-1,1471,208,272,733,1,-1,-1,-1
120,-1,1177,283,318,652,1,-1,-1,-1
121,-1,1478,190,269,756,1,-1,-1,-1
121,-1,1166,296,311,643,1,-1,-1,-1
122,-1,1476,203,254,743,1,-1,-1,-1
122,-1,1162,291,294,646,1,-1,-1,-1
123,-1,1464,171,277,775,1,-1,-1,-1
123,-1,1150,288,303,646,1,-1,-1,-1
124,-1,1457,168,282,776,1,-1,-1,-1
124,-1,1141,276,310,660,1,-1,-1,-1
125,-1,1448,153,284,788,1,-1,-1,-1
125,-1,1141,291,310,649,1,-1,-1,-1
126,-1,1448,159,276,790,1,-1,-1,-1
126,-1,1145,280,286,669,1,-1,-1,-1
126,-1,429,432,115,296,1,-1,-1,-1
127,-1,1447,172,272,783,1,-1,-1,-1
127,-1,1148,279,266,670,1,-1,-1,-1
127,-1,422,434,114,294,1,-1,-1,-1
128,-1,1412,173,283,797,1,-1,-1,-1
128,-1,1141,270,269,693,1,-1,-1,-1
128,-1,419,427,115,303,1,-1,-1,-1
129,-1,1398,174,293,803,1,-1,-1,-1
129,-1,416,430,115,301,1,-1,-1,-1
130,-1,1394,179,302,795,1,-1,-1,-1
130,-1,1136,264,273,708,1,-1,-1,-1
130,-1,418,423,121,309,1,-1,-1,-1
131,-1,1142,261,256,708,1,-1,-1,-1
131,-1,1383,192,285,787,1,-1,-1,-1
131,-1,14,527,69,146,1,-1,-1,-1
132,-1,1126,265,278,714,1,-1,-1,-1
132,-1,1392,206,272,769,1,-1,-1,-1
132,-1,14,522,73,149,1,-1,-1,-1
133,-1,1121,262,263,728,1,-1,-1,-1
133,-1,1385,194,272,788,1,-1,-1,-1
134,-1,1119,267,267,738,1,-1,-1,-1
134,-1,1383,187,271,804,1,-1,-1,-1
135,-1,1108,268,266,736,1,-1,-1,-1
135,-1,1378,188,275,800,1,-1,-1,-1
135,-1,0,478,117,375,1,-1,-1,-1
136,-1,1363,164,292,825,1,-1,-1,-1
136,-1,1104,243,254,755,1,-1,-1,-1
137,-1,1358,157,292,836,1,-1,-1,-1
137,-1,1088,248,268,762,1,-1,-1,-1
138,-1,1331,164,306,831,1,-1,-1,-1
138,-1,1072,245,280,765,1,-1,-1,-1
139,-1,1313,150,307,851,1,-1,-1,-1
139,-1,1072,241,279,765,1,-1,-1,-1
140,-1,1311,156,296,846,1,-1,-1,-1
140,-1,1044,240,300,762,1,-1,-1,-1
141,-1,1309,153,289,849,1,-1,-1,-1
141,-1,1016,238,330,770,1,-1,-1,-1
141,-1,6,270,215,651,1,-1,-1,-1
142,-1,1293,157,282,841,1,-1,-1,-1
142,-1,1015,229,337,754,1,-1,-1,-1
142,-1,7,275,215,646,1,-1,-1,-1
143,-1,1285,142,276,877,1,-1,-1,-1
143,-1,13,286,233,627,1,-1,-1,-1
143,-1,1018,231,320,769,1,-1,-1,-1
144,-1,1271,141,276,887,1,-1,-1,-1
144,-1,13,288,233,627,1,-1,-1,-1
144,-1,308,436,122,292,1,-1,-1,-1
144,-1,437,430,109,297,1,-1,-1,-1
144,-1,986,220,318,796,1,-1,-1,-1
145,-1,1263,139,280,905,1,-1,-1,-1
145,-1,15,285,230,630,1,-1,-1,-1
145,-1,973,217,340,813,1,-1,-1,-1
145,-1,308,434,128,298,1,-1,-1,-1
145,-1,430,426,115,304,1,-1,-1,-1
146,-1,1256,151,288,895,1,-1,-1,-1
146,-1,958,224,357,815,1,-1,-1,-1
146,-1,30,281,225,635,1,-1,-1,-1
146,-1,313,434,126,303,1,-1,-1,-1
146,-1,429,429,110,304,1,-1,-1,-1
147,-1,1237,145,310,906,1,-1,-1,-1
147,-1,963,230,323,819,1,-1,-1,-1
147,-1,25,286,240,628,1,-1,-1,-1
147,-1,310,434,126,303,1,-1,-1,-1
148,-1,1239,145,311,905,1,-1,-1,-1
148,-1,950,221,326,834,1,-1,-1,-1
148,-1,23,287,268,619,1,-1,-1,-1
148,-1,304,423,129,314,1,-1,-1,-1
149,-1,935,222,339,838,1,-1,-1,-1
149,-1,1232,137,319,913,1,-1,-1,-1
149,-1,16,292,319,618,1,-1,-1,-1
149,-1,316,416,125,321,1,-1,-1,-1
150,-1,72,323,318,589,1,-1,-1,-1
150,-1,1226,133,331,933,1,-1,-1,-1
150,-1,951,223,302,832,1,-1,-1,-1
150,-1,321,417,128,326,1,-1,-1,-1
151,-1,41,349,389,561,1,-1,-1,-1
151,-1,926,229,305,821,1,-1,-1,-1
151,-1,1211,127,342,918,1,-1,-1,-1
152,-1,42,326,404,574,1,-1,-1,-1
152,-1,906,220,338,842,1,-1,-1,-1
152,-1,1201,115,344,908,1,-1,-1,-1
153,-1,94,334,354,565,1,-1,-1,-1
153,-1,895,215,336,853,1,-1,-1,-1
153,-1,1224,96,326,954,1,-1,-1,-1
153,-1,467,421,136,313,1,-1,-1,-1
154,-1,118,320,337,586,1,-1,-1,-1
154,-1,886,225,335,837,1,-1,-1,-1
154,-1,1216,90,329,966,1,-1,-1,-1
154,-1,468,417,137,314,1,-1,-1,-1
155,-1,136,314,313,587,1,-1,-1,-1
155,-1,870,223,345,846,1,-1,-1,-1
155,-1,1212,83,326,976,1,-1,-1,-1
156,-1,168,333,271,559,1,-1,-1,-1
156,-1,870,221,316,842,1,-1,-1,-1
156,-1,1193,75,323,988,1,-1,-1,-1
156,-1,468,386,137,359,1,-1,-1,-1
157,-1,152,313,288,579,1,-1,-1,-1
157,-1,1176,90,332,984,1,-1,-1,-1
157,-1,850,221,327,857,1,-1,-1,-1
157,-1,466,392,135,352,1,-1,-1,-1
158,-1,1170,66,332,1002,1,-1,-1,-1
158,-1,201,299,247,590,1,-1,-1,-1
158,-1,849,221,328,858,1,-1,-1,-1
158,-1,466,415,151,327,1,-1,-1,-1
159,-1,1163,63,331,1006,1,-1,-1,-1
159,-1,207,308,246,581,1,-1,-1,-1
159,-1,844,223,333,857,1,-1,-1,-1
159,-1,468,415,146,327,1,-1,-1,-1
160,-1,161,320,313,574,1,-1,-1,-1
160,-1,1152,73,337,995,1,-1,-1,-1
161,-1,144,319,386,572,1,-1,-1,-1
161,-1,1134,60,341,1020,1,-1,-1,-1
161,-1,827,231,273,453,1,-1,-1,-1
162,-1,1114,44,356,1036,1,-1,-1,-1
162,-1,180,336,362,556,1,-1,-1,-1
162,-1,836,235,266,463,1,-1,-1,-1
163,-1,1107,46,347,1034,1,-1,-1,-1
163,-1,313,308,268,570,1,-1,-1,-1
163,-1,1485,380,137,293,1,-1,-1,-1
163,-1,766,224,339,856,1,-1,-1,-1
163,-1,811,245,270,415,1,-1,-1,-1
164,-1,1072,60,373,1020,1,-1,-1,-1
164,-1,311,328,280,552,1,-1,-1,-1
164,-1,757,194,331,856,1,-1,-1,-1
164,-1,1487,379,139,295,1,-1,-1,-1
165,-1,1065,63,387,1006,1,-1,-1,-1
165,-1,748,205,332,801,1,-1,-1,-1
165,-1,332,327,279,556,1,-1,-1,-1
165,-1,1487,386,137,289,1,-1,-1,-1
165,-1,728,223,311,364,1,-1,-1,-1
166,-1,1035,75,414,1005,1,-1,-1,-1
166,-1,359,329,298,558,1,-1,-1,-1
166,-1,716,211,351,845,1,-1,-1,-1
166,-1,1497,387,125,289,1,-1,-1,-1
167,-1,1037,95,401,985,1,-1,-1,-1
167,-1,692,201,353,850,1,-1,-1,-1
167,-1,364,348,298,542,1,-1,-1,-1
167,-1,1500,389,121,284,1,-1,-1,-1
167,-1,1428,452,59,205,1,-1,-1,-1
168,-1,1041,67,387,995,1,-1,-1,-1
168,-1,726,188,313,829,1,-1,-1,-1
168,-1,374,346,291,541,1,-1,-1,-1
168,-1,1499,387,125,285,1,-1,-1,-1
168,-1,721,192,282,519,1,-1,-1,-1
169,-1,702,160,332,920,1,-1,-1,-1
169,-1,1015,70,402,990,1,-1,-1,-1
169,-1,382,338,280,540,1,-1,-1,-1
169,-1,1509,391,117,279,1,-1,-1,-1
169,-1,1420,451,57,204,1,-1,-1,-1
170,-1,690,168,322,912,1,-1,-1,-1
170,-1,1008,47,403,1027,1,-1,-1,-1
170,-1,1512,392,112,278,1,-1,-1,-1
170,-1,1421,453,53,204,1,-1,-1,-1
170,-1,379,353,268,518,1,-1,-1,-1
171,-1,650,206,345,857,1,-1,-1,-1
171,-1,352,443,246,416,1,-1,-1,-1
171,-1,1367,449,74,218,1,-1,-1,-1
171,-1,1414,452,60,207,1,-1,-1,-1
171,-1,1517,393,110,274,1,-1,-1,-1
171,-1,998,28,408,1041,1,-1,-1,-1
172,-1,642,198,351,859,1,-1,-1,-1
172,-1,355,449,247,401,1,-1,-1,-1
172,-1,1361,454,77,198,1,-1,-1,-1
172,-1,1412,450,64,209,1,-1,-1,-1
172,-1,1520,395,111,273,1,-1,-1,-1
173,-1,385,511,200,329,1,-1,-1,-1
173,-1,1352,461,75,196,1,-1,-1,-1
173,-1,1414,451,61,207,1,-1,-1,-1
173,-1,1525,393,119,276,1,-1,-1,-1
174,-1,1415,447,59,210,1,-1,-1,-1
174,-1,1347,456,74,204,1,-1,-1,-1
174,-1,1532,393,109,276,1,-1,-1,-1
175,-1,1413,447,65,209,1,-1,-1,-1
175,-1,546,174,366,795,1,-1,-1,-1
175,-1,1532,406,115,263,1,-1,-1,-1
176,-1,527,161,381,842,1,-1,-1,-1
176,-1,1539,392,108,277,1,-1,-1,-1
176,-1,1415,448,61,209,1,-1,-1,-1
177,-1,524,161,372,862,1,-1,-1,-1
177,-1,1544,402,114,264,1,-1,-1,-1
177,-1,909,0,395,1068,1,-1,-1,-1
177,-1,1422,452,61,201,1,-1,-1,-1
178,-1,485,158,392,867,1,-1,-1,-1
178,-1,1545,390,117,279,1,-1,-1,-1
178,-1,1427,450,57,202,1,-1,-1,-1
178,-1,888,0,406,1062,1,-1,-1,-1
178,-1,399,405,138,384,1,-1,-1,-1
178,-1,1449,439,48,173,1,-1,-1,-1
179,-1,458,177,390,805,1,-1,-1,-1
179,-1,881,0,425,1061,1,-1,-1,-1
179,-1,1550,394,113,271,1,-1,-1,-1
179,-1,1422,446,60,209,1,-1,-1,-1
179,-1,1448,431,51,194,1,-1,-1,-1
180,-1,444,180,406,783,1,-1,-1,-1
180,-1,875,9,405,1062,1,-1,-1,-1
180,-1,1552,395,113,270,1,-1,-1,-1
180,-1,1423,444,61,215,1,-1,-1,-1
181,-1,867,0,401,1080,1,-1,-1,-1
181,-1,395,119,482,937,1,-1,-1,-1
181,-1,1425,447,65,214,1,-1,-1,-1
181,-1,436,241,398,595,1,-1,-1,-1
182,-1,864,11,389,1056,1,-1,-1,-1
182,-1,1425,451,67,215,1,-1,-1,-1
182,-1,344,105,529,932,1,-1,-1,-1
183,-1,855,40,386,983,1,-1,-1,-1
183,-1,1426,447,68,218,1,-1,-1,-1
183,-1,330,111,601,925,1,-1,-1,-1
183,-1,1539,443,76,226,1,-1,-1,-1
184,-1,852,0,377,1080,1,-1,-1,-1
184,-1,346,130,498,938,1,-1,-1,-1
184,-1,1,230,275,753,1,-1,-1,-1
184,-1,1425,453,64,217,1,-1,-1,-1
184,-1,1549,450,67,216,1,-1,-1,-1
184,-1,1384,451,66,232,1,-1,-1,-1
184,-1,1653,471,56,157,1,-1,-1,-1
185,-1,283,105,516,961,1,-1,-1,-1
185,-1,835,0,400,1080,1,-1,-1,-1
185,-1,5,222,309,766,1,-1,-1,-1
185,-1,1427,444,66,228,1,-1,-1,-1
185,-1,1546,448,71,214,1,-1,-1,-1
185,-1,1647,459,59,174,1,-1,-1,-1
185,-1,1383,446,70,243,1,-1,-1,-1
186,-1,8,196,299,776,1,-1,-1,-1
186,-1,818,0,412,1080,1,-1,-1,-1
186,-1,272,103,462,954,1,-1,-1,-1
186,-1,1420,445,79,223,1,-1,-1,-1
186,-1,1651,454,63,175,1,-1,-1,-1
187,-1,12,214,268,751,1,-1,-1,-1
187,-1,801,0,415,1080,1,-1,-1,-1
187,-1,1431,448,68,221,1,-1,-1,-1
187,-1,268,202,399,769,1,-1,-1,-1
187,-1,1380,451,66,240,1,-1,-1,-1
188,-1,20,219,235,735,1,-1,-1,-1
188,-1,802,0,407,1080,1,-1,-1,-1
188,-1,1434,444,70,222,1,-1,-1,-1
188,-1,245,199,376,669,1,-1,-1,-1
188,-1,1639,417,71,199,1,-1,-1,-1
189,-1,785,0,419,1080,1,-1,-1,-1
189,-1,1433,440,75,227,1,-1,-1,-1
189,-1,11,193,188,774,1,-1,-1,-1
189,-1,1636,421,76,195,1,-1,-1,-1
190,-1,775,7,438,1072,1,-1,-1,-1
190,-1,1430,439,81,233,1,-1,-1,-1
190,-1,1631,420,84,197,1,-1,-1,-1
190,-1,57,36,568,1025,1,-1,-1,-1
191,-1,745,12,438,1067,1,-1,-1,-1
191,-1,1436,441,80,231,1,-1,-1,-1
191,-1,33,93,488,897,1,-1,-1,-1
192,-1,710,2,416,1078,1,-1,-1,-1
192,-1,1437,442,76,231,1,-1,-1,-1
192,-1,20,111,482,935,1,-1,-1,-1
193,-1,1441,442,71,229,1,-1,-1,-1
193,-1,679,3,419,1066,1,-1,-1,-1
193,-1,1,64,466,983,1,-1,-1,-1
194,-1,650,0,400,1080,1,-1,-1,-1
194,-1,1445,446,66,222,1,-1,-1,-1
194,-1,2,98,438,961,1,-1,-1,-1
194,-1,1639,432,78,217,1,-1,-1,-1
195,-1,1445,444,63,230,1,-1,-1,-1
195,-1,635,0,396,1080,1,-1,-1,-1
195,-1,3,125,432,936,1,-1,-1,-1
195,-1,1633,421,84,208,1,-1,-1,-1
196,-1,1444,444,67,228,1,-1,-1,-1
196,-1,2,105,424,947,1,-1,-1,-1
196,-1,1632,419,84,206,1,-1,-1,-1
196,-1,622,0,422,1080,1,-1,-1,-1
197,-1,1441,447,68,225,1,-1,-1,-1
197,-1,2,57,417,1009,1,-1,-1,-1
197,-1,625,0,428,1076,1,-1,-1,-1
197,-1,1639,418,83,208,1,-1,-1,-1
197,-1,1531,428,47,180,1,-1,-1,-1
198,-1,1441,446,70,229,1,-1,-1,-1
198,-1,250,211,321,740,1,-1,-1,-1
198,-1,1637,420,88,208,1,-1,-1,-1
199,-1,1444,444,71,235,1,-1,-1,-1
199,-1,263,223,290,745,1,-1,-1,-1
199,-1,1638,415,84,216,1,-1,-1,-1
199,-1,1,65,276,860,1,-1,-1,-1
200,-1,292,231,271,724,1,-1,-1,-1
200,-1,1440,451,73,234,1,-1,-1,-1
200,-1,177,238,239,713,1,-1,-1,-1
200,-1,1639,417,82,213,1,-1,-1,-1
201,-1,187,259,258,695,1,-1,-1,-1
201,-1,1445,456,70,229,1,-1,-1,-1
201,-1,311,238,238,711,1,-1,-1,-1
201,-1,429,39,560,1032,1,-1,-1,-1
201,-1,1642,417,78,209,1,-1,-1,-1
202,-1,210,258,236,688,1,-1,-1,-1
202,-1,1443,454,72,232,1,-1,-1,-1
202,-1,382,37,564,1032,1,-1,-1,-1
202,-1,324,250,230,698,1,-1,-1,-1
202,-1,1641,415,81,213,1,-1,-1,-1
202,-1,1530,450,62,194,1,-1,-1,-1
203,-1,1443,461,73,223,1,-1,-1,-1
203,-1,381,16,560,1053,1,-1,-1,-1
203,-1,226,266,243,670,1,-1,-1,-1
203,-1,290,265,255,692,1,-1,-1,-1
203,-1,1645,421,80,204,1,-1,-1,-1
204,-1,318,2,628,1064,1,-1,-1,-1
204,-1,1446,461,64,227,1,-1,-1,-1
204,-1,966,343,196,445,1,-1,-1,-1
204,-1,1435,506,65,178,1,-1,-1,-1
205,-1,270,8,642,1064,1,-1,-1,-1
205,-1,1444,465,69,223,1,-1,-1,-1
205,-1,981,340,185,440,1,-1,-1,-1
206,-1,227,9,650,1065,1,-1,-1,-1
206,-1,1443,464,74,230,1,-1,-1,-1
206,-1,999,356,170,418,1,-1,-1,-1
206,-1,1557,453,63,193,1,-1,-1,-1
206,-1,860,412,171,383,1,-1,-1,-1
207,-1,1444,466,73,227,1,-1,-1,-1
207,-1,223,10,658,1063,1,-1,-1,-1
207,-1,1002,361,169,412,1,-1,-1,-1
207,-1,1554,446,71,201,1,-1,-1,-1
207,-1,870,422,184,375,1,-1,-1,-1
208,-1,1445,464,74,228,1,-1,-1,-1
208,-1,203,0,616,1067,1,-1,-1,-1
208,-1,1556,443,69,205,1,-1,-1,-1
208,-1,986,348,183,430,1,-1,-1,-1
208,-1,1657,433,75,175,1,-1,-1,-1
209,-1,1448,463,69,230,1,-1,-1,-1
209,-1,159,1,586,1079,1,-1,-1,-1
209,-1,871,409,180,389,1,-1,-1,-1
209,-1,1560,452,65,197,1,-1,-1,-1
209,-1,1653,423,76,209,1,-1,-1,-1
210,-1,1442,460,74,233,1,-1,-1,-1
210,-1,115,3,575,1077,1,-1,-1,-1
210,-1,913,436,142,348,1,-1,-1,-1
210,-1,669,401,195,412,1,-1,-1,-1
210,-1,1654,425,75,199,1,-1,-1,-1
210,-1,1562,452,66,195,1,-1,-1,-1
211,-1,1439,453,79,238,1,-1,-1,-1
211,-1,480,320,337,567,1,-1,-1,-1
211,-1,32,7,563,1073,1,-1,-1,-1
211,-1,1648,418,82,208,1,-1,-1,-1
212,-1,504,259,334,630,1,-1,-1,-1
212,-1,1441,458,79,234,1,-1,-1,-1
212,-1,21,13,550,1066,1,-1,-1,-1
212,-1,1553,452,73,203,1,-1,-1,-1
212,-1,918,412,129,358,1,-1,-1,-1
212,-1,694,358,183,441,1,-1,-1,-1
212,-1,1650,415,81,215,1,-1,-1,-1
213,-1,533,267,321,623,1,-1,-1,-1
213,-1,1443,458,76,232,1,-1,-1,-1
213,-1,4,0,544,1074,1,-1,-1,-1
213,-1,1553,452,72,198,1,-1,-1,-1
213,-1,704,355,176,438,1,-1,-1,-1
213,-1,1079,342,161,453,1,-1,-1,-1
214,-1,529,253,322,639,1,-1,-1,-1
214,-1,1444,458,82,229,1,-1,-1,-1
214,-1,4,13,559,1062,1,-1,-1,-1
214,-1,1090,341,156,441,1,-1,-1,-1
214,-1,1546,448,70,193,1,-1,-1,-1
215,-1,533,262,314,632,1,-1,-1,-1
215,-1,1089,345,162,428,1,-1,-1,-1
215,-1,1440,454,86,228,1,-1,-1,-1
215,-1,0,7,556,1070,1,-1,-1,-1
216,-1,520,262,317,631,1,-1,-1,-1
216,-1,1091,352,174,421,1,-1,-1,-1
216,-1,0,0,495,1070,1,-1,-1,-1
216,-1,1447,461,83,217,1,-1,-1,-1
216,-1,1710,406,93,209,1,-1,-1,-1
217,-1,560,259,273,633,1,-1,-1,-1
217,-1,1095,350,178,421,1,-1,-1,-1
217,-1,0,4,477,1055,1,-1,-1,-1
217,-1,1449,468,71,191,1,-1,-1,-1
217,-1,1709,406,95,214,1,-1,-1,-1
217,-1,1632,420,69,204,1,-1,-1,-1
218,-1,586,271,245,614,1,-1,-1,-1
218,-1,1101,349,189,413,1,-1,-1,-1
218,-1,19,10,426,1030,1,-1,-1,-1
218,-1,1447,463,76,194,1,-1,-1,-1
218,-1,987,407,144,361,1,-1,-1,-1
218,-1,1709,412,92,207,1,-1,-1,-1
219,-1,1101,350,176,424,1,-1,-1,-1
219,-1,11,4,424,1025,1,-1,-1,-1
219,-1,603,263,224,620,1,-1,-1,-1
219,-1,111,277,337,693,1,-1,-1,-1
219,-1,990,416,138,351,1,-1,-1,-1
219,-1,1718,423,82,192,1,-1,-1,-1
219,-1,1524,455,63,187,1,-1,-1,-1
219,-1,1636,425,75,207,1,-1,-1,-1
219,-1,1451,468,76,184,1,-1,-1,-1
220,-1,1123,355,154,403,1,-1,-1,-1
220,-1,157,435,330,546,1,-1,-1,-1
220,-1,14,11,434,1007,1,-1,-1,-1
220,-1,1169,355,143,406,1,-1,-1,-1
220,-1,1518,458,66,192,1,-1,-1,-1
220,-1,585,270,208,617,1,-1,-1,-1
220,-1,1005,430,126,332,1,-1,-1,-1
220,-1,670,265,231,613,1,-1,-1,-1
220,-1,1454,471,71,187,1,-1,-1,-1
221,-1,572,272,217,607,1,-1,-1,-1
221,-1,137,411,407,559,1,-1,-1,-1
221,-1,1151,355,162,414,1,-1,-1,-1
221,-1,1527,454,64,193,1,-1,-1,-1
221,-1,9,19,515,971,1,-1,-1,-1
221,-1,1445,462,87,211,1,-1,-1,-1
221,-1,1018,420,122,344,1,-1,-1,-1
222,-1,137,349,436,637,1,-1,-1,-1
222,-1,1150,355,163,406,1,-1,-1,-1
222,-1,536,278,215,591,1,-1,-1,-1
222,-1,1518,458,71,188,1,-1,-1,-1
222,-1,1449,462,84,211,1,-1,-1,-1
223,-1,139,342,444,646,1,-1,-1,-1
223,-1,1169,354,148,402,1,-1,-1,-1
223,-1,1028,421,115,333,1,-1,-1,-1
223,-1,703,270,216,591,1,-1,-1,-1
223,-1,1519,453,69,191,1,-1,-1,-1
223,-1,555,278,195,598,1,-1,-1,-1
223,-1,1449,461,79,197,1,-1,-1,-1
223,-1,1626,421,85,207,1,-1,-1,-1
224,-1,141,301,430,688,1,-1,-1,-1
224,-1,1182,355,141,401,1,-1,-1,-1
224,-1,717,291,222,570,1,-1,-1,-1
224,-1,1027,419,132,332,1,-1,-1,-1
224,-1,1517,452,71,189,1,-1,-1,-1
224,-1,568,298,210,591,1,-1,-1,-1
225,-1,146,308,407,675,1,-1,-1,-1
225,-1,1189,355,134,403,1,-1,-1,-1
225,-1,737,301,241,574,1,-1,-1,-1
225,-1,1516,462,71,176,1,-1,-1,-1
225,-1,1038,427,123,318,1,-1,-1,-1
225,-1,569,297,210,600,1,-1,-1,-1
225,-1,1444,468,77,198,1,-1,-1,-1
226,-1,158,327,377,640,1,-1,-1,-1
226,-1,1178,363,155,384,1,-1,-1,-1
226,-1,757,292,249,583,1,-1,-1,-1
226,-1,1516,459,73,211,1,-1,-1,-1
226,-1,1039,427,119,323,1,-1,-1,-1
226,-1,270,313,348,645,1,-1,-1,-1
227,-1,164,317,402,644,1,-1,-1,-1
227,-1,1178,363,159,392,1,-1,-1,-1
227,-1,744,303,257,572,1,-1,-1,-1
227,-1,1516,452,74,211,1,-1,-1,-1
227,-1,1734,423,80,190,1,-1,-1,-1
228,-1,1179,363,173,394,1,-1,-1,-1
228,-1,167,309,412,651,1,-1,-1,-1
228,-1,1523,452,71,230,1,-1,-1,-1
228,-1,1736,415,77,204,1,-1,-1,-1
228,-1,743,308,263,568,1,-1,-1,-1
228,-1,1648,445,71,190,1,-1,-1,-1
228,-1,1115,372,128,369,1,-1,-1,-1
228,-1,1751,449,70,186,1,-1,-1,-1
229,-1,227,300,354,642,1,-1,-1,-1
229,-1,1208,364,134,378,1,-1,-1,-1
229,-1,720,302,265,571,1,-1,-1,-1
229,-1,1731,416,84,213,1,-1,-1,-1
229,-1,1528,451,74,241,1,-1,-1,-1
229,-1,1112,379,141,365,1,-1,-1,-1
230,-1,274,302,314,642,1,-1,-1,-1
230,-1,1202,368,145,377,1,-1,-1,-1
230,-1,737,296,261,579,1,-1,-1,-1
230,-1,1726,412,87,217,1,-1,-1,-1
230,-1,1121,378,130,363,1,-1,-1,-1
231,-1,317,293,300,644,1,-1,-1,-1
231,-1,1209,370,149,380,1,-1,-1,-1
231,-1,749,295,253,570,1,-1,-1,-1
231,-1,1740,424,80,185,1,-1,-1,-1
232,-1,367,297,268,632,1,-1,-1,-1
232,-1,1207,370,147,377,1,-1,-1,-1
232,-1,1738,417,88,216,1,-1,-1,-1
232,-1,1141,379,108,361,1,-1,-1,-1
233,-1,386,303,283,634,1,-1,-1,-1
233,-1,1193,372,166,379,1,-1,-1,-1
233,-1,1739,419,89,215,1,-1,-1,-1
233,-1,677,305,191,499,1,-1,-1,-1
234,-1,1220,368,145,373,1,-1,-1,-1
234,-1,387,303,303,639,1,-1,-1,-1
234,-1,1748,418,87,219,1,-1,-1,-1
234,-1,489,300,248,631,1,-1,-1,-1
234,-1,1142,377,114,366,1,-1,-1,-1
235,-1,1226,367,141,374,1,-1,-1,-1
235,-1,392,308,288,622,1,-1,-1,-1
235,-1,1748,414,90,225,1,-1,-1,-1
235,-1,502,304,237,619,1,-1,-1,-1
235,-1,1527,463,82,231,1,-1,-1,-1
235,-1,74,499,133,322,1,-1,-1,-1
235,-1,28,493,112,327,1,-1,-1,-1
236,-1,1237,367,138,374,1,-1,-1,-1
236,-1,1754,413,87,227,1,-1,-1,-1
236,-1,391,331,278,592,1,-1,-1,-1
236,-1,497,316,243,604,1,-1,-1,-1
236,-1,1525,468,84,221,1,-1,-1,-1
236,-1,1166,384,94,346,1,-1,-1,-1
237,-1,1249,378,156,351,1,-1,-1,-1
237,-1,385,333,282,588,1,-1,-1,-1
237,-1,1753,412,86,232,1,-1,-1,-1
237,-1,496,304,250,610,1,-1,-1,-1
237,-1,1164,382,93,350,1,-1,-1,-1
237,-1,1531,469,81,226,1,-1,-1,-1
238,-1,487,303,275,611,1,-1,-1,-1
238,-1,1242,371,171,360,1,-1,-1,-1
238,-1,1754,413,89,230,1,-1,-1,-1
238,-1,381,339,305,579,1,-1,-1,-1
238,-1,1532,461,86,232,1,-1,-1,-1
239,-1,449,317,300,589,1,-1,-1,-1
239,-1,1756,411,85,233,1,-1,-1,-1
239,-1,1247,371,164,362,1,-1,-1,-1
239,-1,1535,465,79,223,1,-1,-1,-1
240,-1,463,311,306,587,1,-1,-1,-1
240,-1,1256,372,161,364,1,-1,-1,-1
240,-1,1754,412,88,228,1,-1,-1,-1
240,-1,1509,449,119,260,1,-1,-1,-1
240,-1,1234,369,125,374,1,-1,-1,-1
241,-1,495,320,286,572,1,-1,-1,-1
241,-1,1265,377,156,357,1,-1,-1,-1
241,-1,1760,411,80,224,1,-1,-1,-1
241,-1,1515,447,116,259,1,-1,-1,-1
242,-1,509,312,293,583,1,-1,-1,-1
242,-1,1263,371,167,368,1,-1,-1,-1
242,-1,1760,412,84,224,1,-1,-1,-1
242,-1,1510,446,120,261,1,-1,-1,-1
243,-1,542,323,290,565,1,-1,-1,-1
243,-1,1259,373,170,371,1,-1,-1,-1
243,-1,1761,413,84,219,1,-1,-1,-1
243,-1,960,296,171,513,1,-1,-1,-1
243,-1,1519,447,113,263,1,-1,-1,-1
244,-1,582,314,335,587,1,-1,-1,-1
244,-1,1272,373,155,368,1,-1,-1,-1
244,-1,1767,413,77,220,1,-1,-1,-1
244,-1,977,304,170,489,1,-1,-1,-1
245,-1,604,333,366,563,1,-1,-1,-1
245,-1,1283,378,148,359,1,-1,-1,-1
245,-1,1766,414,79,218,1,-1,-1,-1
246,-1,633,328,333,562,1,-1,-1,-1
246,-1,1283,371,146,359,1,-1,-1,-1
246,-1,1767,412,79,225,1,-1,-1,-1
246,-1,996,306,171,495,1,-1,-1,-1
246,-1,917,354,103,402,1,-1,-1,-1
247,-1,659,325,306,558,1,-1,-1,-1
247,-1,1283,371,149,360,1,-1,-1,-1
247,-1,1764,410,84,224,1,-1,-1,-1
247,-1,1014,314,164,468,1,-1,-1,-1
247,-1,1815,419,69,194,1,-1,-1,-1
247,-1,1523,444,121,266,1,-1,-1,-1
248,-1,670,331,298,554,1,-1,-1,-1
248,-1,1304,370,124,358,1,-1,-1,-1
248,-1,1768,413,82,215,1,-1,-1,-1
248,-1,1527,445,117,270,1,-1,-1,-1
248,-1,1016,318,165,463,1,-1,-1,-1
249,-1,698,326,259,555,1,-1,-1,-1
249,-1,1321,372,115,352,1,-1,-1,-1
249,-1,1765,409,78,214,1,-1,-1,-1
249,-1,1523,442,113,273,1,-1,-1,-1
250,-1,1329,380,113,343,1,-1,-1,-1
250,-1,708,326,252,554,1,-1,-1,-1
250,-1,1810,413,80,207,1,-1,-1,-1
250,-1,1527,443,108,274,1,-1,-1,-1
250,-1,1765,408,76,218,1,-1,-1,-1
251,-1,691,317,273,554,1,-1,-1,-1
251,-1,1331,382,112,341,1,-1,-1,-1
251,-1,1056,311,188,488,1,-1,-1,-1
251,-1,1519,443,126,271,1,-1,-1,-1
251,-1,1813,412,77,211,1,-1,-1,-1
252,-1,665,319,301,552,1,-1,-1,-1
252,-1,1326,377,114,350,1,-1,-1,-1
252,-1,1803,409,89,213,1,-1,-1,-1
252,-1,1060,314,182,477,1,-1,-1,-1
253,-1,666,321,307,553,1,-1,-1,-1
253,-1,1334,377,110,342,1,-1,-1,-1
253,-1,1802,410,91,214,1,-1,-1,-1
253,-1,864,347,165,469,1,-1,-1,-1
253,-1,1072,314,180,478,1,-1,-1,-1
254,-1,1339,377,106,347,1,-1,-1,-1
254,-1,876,340,163,510,1,-1,-1,-1
254,-1,1811,411,81,204,1,-1,-1,-1
254,-1,1092,307,173,499,1,-1,-1,-1
254,-1,694,353,178,514,1,-1,-1,-1
255,-1,1809,411,88,210,1,-1,-1,-1
255,-1,1341,376,103,347,1,-1,-1,-1
255,-1,1096,308,172,501,1,-1,-1,-1
255,-1,883,341,172,523,1,-1,-1,-1
256,-1,1327,375,104,347,1,-1,-1,-1
256,-1,1812,411,86,209,1,-1,-1,-1
256,-1,1093,307,175,505,1,-1,-1,-1
257,-1,1335,374,99,346,1,-1,-1,-1
257,-1,1821,408,80,214,1,-1,-1,-1
257,-1,1103,307,169,498,1,-1,-1,-1
258,-1,1332,375,93,345,1,-1,-1,-1
258,-1,1821,411,80,212,1,-1,-1,-1
258,-1,1112,306,164,491,1,-1,-1,-1
259,-1,1823,409,77,212,1,-1,-1,-1
259,-1,1401,384,109,323,1,-1,-1,-1
259,-1,1333,370,98,346,1,-1,-1,-1
259,-1,754,340,170,501,1,-1,-1,-1
260,-1,1405,386,109,321,1,-1,-1,-1
260,-1,1825,407,78,210,1,-1,-1,-1
260,-1,773,348,166,497,1,-1,-1,-1
260,-1,1338,372,97,343,1,-1,-1,-1
261,-1,1415,386,109,324,1,-1,-1,-1
261,-1,1828,411,79,210,1,-1,-1,-1
261,-1,789,362,165,482,1,-1,-1,-1
261,-1,960,346,172,448,1,-1,-1,-1
261,-1,1168,339,154,432,1,-1,-1,-1
262,-1,1415,379,115,331,1,-1,-1,-1
262,-1,805,366,169,472,1,-1,-1,-1
262,-1,1825,409,84,213,1,-1,-1,-1
262,-1,973,346,179,470,1,-1,-1,-1
262,-1,1166,304,170,474,1,-1,-1,-1
263,-1,1424,381,109,326,1,-1,-1,-1
263,-1,978,342,171,469,1,-1,-1,-1
263,-1,1166,306,173,476,1,-1,-1,-1
263,-1,808,365,170,470,1,-1,-1,-1
263,-1,1827,410,84,216,1,-1,-1,-1
264,-1,1428,379,112,329,1,-1,-1,-1
264,-1,988,342,171,498,1,-1,-1,-1
264,-1,1179,335,170,457,1,-1,-1,-1
264,-1,1829,408,82,218,1,-1,-1,-1
264,-1,16,527,66,150,1,-1,-1,-1
264,-1,810,362,188,480,1,-1,-1,-1
265,-1,1426,382,111,323,1,-1,-1,-1
265,-1,1175,336,186,452,1,-1,-1,-1
265,-1,1833,410,81,215,1,-1,-1,-1
265,-1,1005,343,158,501,1,-1,-1,-1
265,-1,837,357,189,480,1,-1,-1,-1
265,-1,15,524,72,160,1,-1,-1,-1
266,-1,1423,380,119,329,1,-1,-1,-1
266,-1,1170,310,194,485,1,-1,-1,-1
266,-1,1009,352,164,493,1,-1,-1,-1
266,-1,846,353,183,482,1,-1,-1,-1
266,-1,18,525,68,146,1,-1,-1,-1
266,-1,1838,414,76,208,1,-1,-1,-1
267,-1,1187,335,178,448,1,-1,-1,-1
267,-1,1433,384,111,322,1,-1,-1,-1
267,-1,878,359,155,479,1,-1,-1,-1
267,-1,16,522,73,162,1,-1,-1,-1
267,-1,1831,418,83,209,1,-1,-1,-1
268,-1,1432,383,113,323,1,-1,-1,-1
268,-1,1188,335,171,438,1,-1,-1,-1
268,-1,888,351,151,495,1,-1,-1,-1
268,-1,16,523,73,154,1,-1,-1,-1
269,-1,1441,388,106,314,1,-1,-1,-1
269,-1,1060,347,197,460,1,-1,-1,-1
269,-1,901,357,152,482,1,-1,-1,-1
269,-1,1208,337,163,431,1,-1,-1,-1
269,-1,1317,361,116,361,1,-1,-1,-1
269,-1,19,522,71,157,1,-1,-1,-1
270,-1,1067,349,201,452,1,-1,-1,-1
270,-1,1441,388,110,315,1,-1,-1,-1
270,-1,1220,339,161,438,1,-1,-1,-1
270,-1,910,359,152,482,1,-1,-1,-1
270,-1,18,518,77,166,1,-1,-1,-1
271,-1,1073,349,194,471,1,-1,-1,-1
271,-1,1432,389,120,313,1,-1,-1,-1
271,-1,917,355,147,481,1,-1,-1,-1
271,-1,1228,345,169,424,1,-1,-1,-1
271,-1,1274,356,148,358,1,-1,-1,-1
271,-1,19,518,75,163,1,-1,-1,-1
272,-1,1438,390,112,312,1,-1,-1,-1
272,-1,1078,333,195,492,1,-1,-1,-1
272,-1,919,360,139,447,1,-1,-1,-1
272,-1,1285,350,130,368,1,-1,-1,-1
272,-1,21,521,70,153,1,-1,-1,-1
273,-1,1083,340,201,480,1,-1,-1,-1
273,-1,1431,386,113,313,1,-1,-1,-1
273,-1,1269,343,150,372,1,-1,-1,-1
273,-1,929,368,133,435,1,-1,-1,-1
274,-1,1253,337,166,388,1,-1,-1,-1
274,-1,1436,385,105,315,1,-1,-1,-1
274,-1,1101,338,170,487,1,-1,-1,-1
274,-1,950,365,120,431,1,-1,-1,-1
274,-1,1848,412,70,206,1,-1,-1,-1
275,-1,1267,339,156,382,1,-1,-1,-1
275,-1,1433,385,104,316,1,-1,-1,-1
275,-1,959,351,150,453,1,-1,-1,-1
275,-1,1113,340,163,480,1,-1,-1,-1
276,-1,1277,339,146,388,1,-1,-1,-1
276,-1,969,353,148,438,1,-1,-1,-1
276,-1,1447,383,95,316,1,-1,-1,-1
276,-1,1115,340,160,464,1,-1,-1,-1
276,-1,1513,397,105,301,1,-1,-1,-1
277,-1,1288,345,141,382,1,-1,-1,-1
277,-1,970,364,149,428,1,-1,-1,-1
277,-1,1446,385,95,308,1,-1,-1,-1
277,-1,1858,412,61,205,1,-1,-1,-1
278,-1,1292,341,149,392,1,-1,-1,-1
278,-1,976,359,149,438,1,-1,-1,-1
278,-1,1859,416,60,203,1,-1,-1,-1
279,-1,1003,364,132,441,1,-1,-1,-1
279,-1,1312,353,130,384,1,-1,-1,-1
279,-1,1447,389,88,313,1,-1,-1,-1
279,-1,1524,411,118,293,1,-1,-1,-1
279,-1,1187,348,160,464,1,-1,-1,-1
280,-1,1007,363,135,432,1,-1,-1,-1
280,-1,1320,351,132,377,1,-1,-1,-1
280,-1,1180,349,171,462,1,-1,-1,-1
280,-1,1525,410,126,293,1,-1,-1,-1
280,-1,1445,387,86,315,1,-1,-1,-1
281,-1,1004,365,146,429,1,-1,-1,-1
281,-1,1167,352,197,459,1,-1,-1,-1
281,-1,1321,350,130,372,1,-1,-1,-1
281,-1,1526,404,118,294,1,-1,-1,-1
281,-1,1453,390,82,312,1,-1,-1,-1
282,-1,1005,366,152,436,1,-1,-1,-1
282,-1,1176,357,214,456,1,-1,-1,-1
282,-1,1524,398,114,298,1,-1,-1,-1
282,-1,1330,360,116,362,1,-1,-1,-1
283,-1,1015,366,146,430,1,-1,-1,-1
283,-1,1196,358,196,449,1,-1,-1,-1
283,-1,1513,397,124,303,1,-1,-1,-1
283,-1,1320,362,122,368,1,-1,-1,-1
283,-1,1460,389,81,313,1,-1,-1,-1
284,-1,1049,351,156,434,1,-1,-1,-1
284,-1,1215,355,171,445,1,-1,-1,-1
284,-1,1313,355,124,396,1,-1,-1,-1
284,-1,1701,557,119,173,1,-1,-1,-1
285,-1,1049,353,158,431,1,-1,-1,-1
285,-1,1304,354,132,420,1,-1,-1,-1
285,-1,1696,560,126,170,1,-1,-1,-1
285,-1,1215,351,170,443,1,-1,-1,-1
286,-1,1051,356,158,418,1,-1,-1,-1
286,-1,1276,354,161,426,1,-1,-1,-1
286,-1,1693,560,129,172,1,-1,-1,-1
286,-1,1210,355,168,425,1,-1,-1,-1
287,-1,1061,356,159,426,1,-1,-1,-1
287,-1,1281,352,172,429,1,-1,-1,-1
287,-1,1207,353,161,417,1,-1,-1,-1
288,-1,1059,356,163,435,1,-1,-1,-1
288,-1,1273,356,167,426,1,-1,-1,-1
288,-1,1205,352,155,429,1,-1,-1,-1
289,-1,1079,359,157,426,1,-1,-1,-1
289,-1,1274,355,180,442,1,-1,-1,-1
290,-1,1077,360,162,425,1,-1,-1,-1
290,-1,1273,360,189,434,1,-1,-1,-1
290,-1,1503,403,142,288,1,-1,-1,-1
291,-1,1278,361,195,426,1,-1,-1,-1
291,-1,1090,365,156,413,1,-1,-1,-1
291,-1,1518,405,133,283,1,-1,-1,-1
292,-1,1283,365,202,421,1,-1,-1,-1
292,-1,1096,367,161,416,1,-1,-1,-1
292,-1,1520,405,130,284,1,-1,-1,-1
293,-1,1285,362,202,418,1,-1,-1,-1
293,-1,1099,365,161,421,1,-1,-1,-1
293,-1,1531,401,122,291,1,-1,-1,-1
294,-1,1291,368,201,414,1,-1,-1,-1
294,-1,1106,366,150,409,1,-1,-1,-1
294,-1,1532,402,120,291,1,-1,-1,-1
294,-1,1389,383,124,331,1,-1,-1,-1
294,-1,1204,362,128,377,1,-1,-1,-1
295,-1,1305,368,189,425,1,-1,-1,-1
295,-1,1111,368,142,395,1,-1,-1,-1
295,-1,1537,395,125,296,1,-1,-1,-1
295,-1,1210,360,118,372,1,-1,-1,-1
295,-1,1383,374,131,351,1,-1,-1,-1
296,-1,1117,367,137,394,1,-1,-1,-1
296,-1,1209,358,122,381,1,-1,-1,-1
296,-1,1543,396,133,299,1,-1,-1,-1
296,-1,1317,362,183,432,1,-1,-1,-1
297,-1,1357,370,166,386,1,-1,-1,-1
297,-1,1219,360,111,391,1,-1,-1,-1
297,-1,1123,370,129,399,1,-1,-1,-1
297,-1,1547,388,122,304,1,-1,-1,-1
298,-1,1356,366,178,402,1,-1,-1,-1
298,-1,1223,362,119,391,1,-1,-1,-1
298,-1,1549,386,120,307,1,-1,-1,-1
298,-1,1126,369,123,400,1,-1,-1,-1
299,-1,1360,364,176,421,1,-1,-1,-1
299,-1,1222,367,123,379,1,-1,-1,-1
299,-1,1129,373,113,382,1,-1,-1,-1
299,-1,1575,396,146,304,1,-1,-1,-1
300,-1,1364,366,175,424,1,-1,-1,-1
300,-1,1230,374,121,361,1,-1,-1,-1
300,-1,1133,374,105,376,1,-1,-1,-1
300,-1,1583,394,140,310,1,-1,-1,-1
301,-1,1364,365,182,420,1,-1,-1,-1
301,-1,1226,372,127,366,1,-1,-1,-1
301,-1,1136,374,102,374,1,-1,-1,-1
301,-1,1583,398,140,306,1,-1,-1,-1
302,-1,1368,366,176,413,1,-1,-1,-1
302,-1,1215,369,130,373,1,-1,-1,-1
302,-1,1137,375,111,373,1,-1,-1,-1
303,-1,1371,364,181,422,1,-1,-1,-1
303,-1,1213,364,132,384,1,-1,-1,-1
303,-1,1142,374,109,375,1,-1,-1,-1
304,-1,1380,362,181,423,1,-1,-1,-1
304,-1,1214,363,119,381,1,-1,-1,-1
304,-1,1153,374,115,380,1,-1,-1,-1
305,-1,1384,364,176,416,1,-1,-1,-1
305,-1,1200,363,123,389,1,-1,-1,-1
305,-1,1146,375,123,378,1,-1,-1,-1
306,-1,1391,365,178,411,1,-1,-1,-1
306,-1,1195,359,132,397,1,-1,-1,-1
306,-1,1152,373,119,386,1,-1,-1,-1
307,-1,1393,368,181,410,1,-1,-1,-1
307,-1,1189,366,130,380,1,-1,-1,-1
307,-1,1153,378,122,373,1,-1,-1,-1
307,-1,1307,367,109,355,1,-1,-1,-1
308,-1,1403,371,170,404,1,-1,-1,-1
308,-1,1180,370,134,369,1,-1,-1,-1
308,-1,1316,367,101,353,1,-1,-1,-1
309,-1,1410,370,160,394,1,-1,-1,-1
309,-1,1175,366,148,380,1,-1,-1,-1
309,-1,1313,368,105,349,1,-1,-1,-1
310,-1,1411,369,162,387,1,-1,-1,-1
310,-1,1164,367,160,381,1,-1,-1,-1
311,-1,1405,369,169,390,1,-1,-1,-1
311,-1,1172,370,161,377,1,-1,-1,-1
312,-1,1408,366,169,401,1,-1,-1,-1
312,-1,1187,373,159,380,1,-1,-1,-1
313,-1,1408,368,174,394,1,-1,-1,-1
313,-1,1198,375,160,376,1,-1,-1,-1
314,-1,1412,372,177,387,1,-1,-1,-1
314,-1,1204,376,163,370,1,-1,-1,-1
314,-1,1298,374,123,352,1,-1,-1,-1
315,-1,1193,381,170,361,1,-1,-1,-1
315,-1,1414,373,181,382,1,-1,-1,-1
315,-1,1307,375,117,346,1,-1,-1,-1
316,-1,1179,385,178,363,1,-1,-1,-1
316,-1,1416,374,185,374,1,-1,-1,-1
316,-1,1621,425,126,301,1,-1,-1,-1
317,-1,1418,374,174,377,1,-1,-1,-1
317,-1,1192,393,163,357,1,-1,-1,-1
317,-1,1303,380,119,345,1,-1,-1,-1
317,-1,1624,431,128,292,1,-1,-1,-1
318,-1,1417,374,172,374,1,-1,-1,-1
318,-1,1190,394,160,356,1,-1,-1,-1
318,-1,1308,379,119,342,1,-1,-1,-1
319,-1,1415,378,178,370,1,-1,-1,-1
319,-1,1202,396,150,352,1,-1,-1,-1
319,-1,1469,400,160,342,1,-1,-1,-1
319,-1,1307,381,114,344,1,-1,-1,-1
320,-1,1310,383,117,340,1,-1,-1,-1
320,-1,1418,380,174,361,1,-1,-1,-1
320,-1,1205,402,149,341,1,-1,-1,-1
320,-1,1463,395,160,341,1,-1,-1,-1
321,-1,1447,387,177,345,1,-1,-1,-1
321,-1,1314,384,113,341,1,-1,-1,-1
321,-1,1225,386,133,354,1,-1,-1,-1
322,-1,1219,385,136,354,1,-1,-1,-1
322,-1,1451,389,175,341,1,-1,-1,-1
322,-1,1311,382,116,344,1,-1,-1,-1
323,-1,1450,394,183,337,1,-1,-1,-1
323,-1,1219,384,132,354,1,-1,-1,-1
323,-1,1304,383,120,342,1,-1,-1,-1
323,-1,1634,435,120,293,1,-1,-1,-1
323,-1,1772,462,56,147,1,-1,-1,-1
324,-1,1220,385,132,346,1,-1,-1,-1
324,-1,1448,389,175,350,1,-1,-1,-1
324,-1,1304,383,118,338,1,-1,-1,-1
324,-1,1765,461,56,150,1,-1,-1,-1
324,-1,1164,382,83,344,1,-1,-1,-1
325,-1,1204,382,141,353,1,-1,-1,-1
325,-1,1456,389,159,341,1,-1,-1,-1
325,-1,1306,381,118,341,1,-1,-1,-1
325,-1,1766,460,56,149,1,-1,-1,-1
326,-1,1201,384,139,342,1,-1,-1,-1
326,-1,1310,383,115,339,1,-1,-1,-1
326,-1,1454,388,167,342,1,-1,-1,-1
326,-1,1762,459,60,152,1,-1,-1,-1
326,-1,1168,385,88,336,1,-1,-1,-1
327,-1,1308,382,119,344,1,-1,-1,-1
327,-1,1207,385,128,340,1,-1,-1,-1
327,-1,1452,390,170,342,1,-1,-1,-1
328,-1,1297,381,126,348,1,-1,-1,-1
328,-1,1450,396,181,336,1,-1,-1,-1
328,-1,1213,386,121,337,1,-1,-1,-1
328,-1,1156,389,106,320,1,-1,-1,-1
329,-1,1304,381,124,345,1,-1,-1,-1
329,-1,1463,389,163,345,1,-1,-1,-1
329,-1,1761,458,68,192,1,-1,-1,-1
329,-1,1211,387,113,330,1,-1,-1,-1
329,-1,1155,390,105,320,1,-1,-1,-1
329,-1,1630,454,71,193,1,-1,-1,-1
330,-1,1301,381,122,343,1,-1,-1,-1
330,-1,1763,456,68,199,1,-1,-1,-1
330,-1,1463,390,157,347,1,-1,-1,-1
330,-1,1149,391,110,320,1,-1,-1,-1
330,-1,1623,451,73,199,1,-1,-1,-1
330,-1,1218,387,110,329,1,-1,-1,-1
331,-1,1296,383,131,341,1,-1,-1,-1
331,-1,1748,458,69,198,1,-1,-1,-1
331,-1,1472,402,156,339,1,-1,-1,-1
331,-1,1145,394,114,312,1,-1,-1,-1
331,-1,1624,449,72,208,1,-1,-1,-1
331,-1,1451,383,125,345,1,-1,-1,-1
331,-1,1216,388,112,328,1,-1,-1,-1
332,-1,1299,384,124,340,1,-1,-1,-1
332,-1,1748,453,73,200,1,-1,-1,-1
332,-1,1482,409,141,333,1,-1,-1,-1
332,-1,1454,388,124,348,1,-1,-1,-1
332,-1,1630,454,68,188,1,-1,-1,-1
333,-1,1307,383,118,340,1,-1,-1,-1
333,-1,1758,457,69,192,1,-1,-1,-1
333,-1,1491,397,131,336,1,-1,-1,-1
333,-1,1454,388,111,344,1,-1,-1,-1
333,-1,1223,388,110,334,1,-1,-1,-1
333,-1,1151,394,115,322,1,-1,-1,-1
334,-1,1301,384,128,339,1,-1,-1,-1
334,-1,1143,391,127,330,1,-1,-1,-1
334,-1,1493,396,131,333,1,-1,-1,-1
334,-1,1759,450,68,202,1,-1,-1,-1
334,-1,1452,387,113,336,1,-1,-1,-1
334,-1,1209,386,118,340,1,-1,-1,-1
335,-1,1299,383,134,342,1,-1,-1,-1
335,-1,1495,399,132,328,1,-1,-1,-1
335,-1,1764,448,69,207,1,-1,-1,-1
335,-1,1448,387,113,331,1,-1,-1,-1
335,-1,1143,391,122,335,1,-1,-1,-1
336,-1,1303,384,130,349,1,-1,-1,-1
336,-1,1762,446,71,206,1,-1,-1,-1
336,-1,1445,389,118,336,1,-1,-1,-1
336,-1,1493,399,127,327,1,-1,-1,-1
337,-1,1311,385,127,355,1,-1,-1,-1
337,-1,1438,390,120,339,1,-1,-1,-1
337,-1,1759,444,72,210,1,-1,-1,-1
337,-1,1136,394,130,338,1,-1,-1,-1
337,-1,1496,400,124,318,1,-1,-1,-1
338,-1,1313,384,128,354,1,-1,-1,-1
338,-1,1445,391,129,336,1,-1,-1,-1
338,-1,1488,397,127,322,1,-1,-1,-1
338,-1,1138,389,129,344,1,-1,-1,-1
338,-1,1756,445,77,206,1,-1,-1,-1
339,-1,1320,384,122,350,1,-1,-1,-1
339,-1,1445,391,131,331,1,-1,-1,-1
339,-1,1479,393,139,326,1,-1,-1,-1
339,-1,1132,387,128,348,1,-1,-1,-1
340,-1,1325,388,116,340,1,-1,-1,-1
340,-1,1475,394,141,322,1,-1,-1,-1
340,-1,1449,391,124,328,1,-1,-1,-1
340,-1,1131,388,130,347,1,-1,-1,-1
340,-1,1716,407,107,276,1,-1,-1,-1
341,-1,1317,386,130,343,1,-1,-1,-1
341,-1,1478,394,143,323,1,-1,-1,-1
341,-1,1134,386,128,348,1,-1,-1,-1
341,-1,1446,391,120,329,1,-1,-1,-1
341,-1,1709,398,115,291,1,-1,-1,-1
342,-1,1324,385,135,348,1,-1,-1,-1
342,-1,1483,391,137,322,1,-1,-1,-1
342,-1,1445,388,117,327,1,-1,-1,-1
342,-1,1137,384,120,347,1,-1,-1,-1
342,-1,1720,398,103,286,1,-1,-1,-1
343,-1,1328,387,132,344,1,-1,-1,-1
343,-1,1484,391,137,319,1,-1,-1,-1
343,-1,1134,379,126,348,1,-1,-1,-1
343,-1,1444,389,114,325,1,-1,-1,-1
343,-1,1720,398,101,283,1,-1,-1,-1
344,-1,1334,390,128,339,1,-1,-1,-1
344,-1,1488,393,132,315,1,-1,-1,-1
344,-1,1134,377,132,352,1,-1,-1,-1
344,-1,1435,389,116,327,1,-1,-1,-1
345,-1,1336,391,125,339,1,-1,-1,-1
345,-1,1491,396,124,316,1,-1,-1,-1
345,-1,1128,375,144,362,1,-1,-1,-1
345,-1,1426,393,111,326,1,-1,-1,-1
345,-1,1760,440,67,222,1,-1,-1,-1
345,-1,1643,457,70,195,1,-1,-1,-1
346,-1,1342,389,121,337,1,-1,-1,-1
346,-1,1504,397,113,314,1,-1,-1,-1
346,-1,1132,376,133,364,1,-1,-1,-1
346,-1,1425,394,105,323,1,-1,-1,-1
347,-1,1127,378,139,364,1,-1,-1,-1
347,-1,1502,400,121,311,1,-1,-1,-1
347,-1,1348,392,115,334,1,-1,-1,-1
347,-1,1761,446,61,206,1,-1,-1,-1
348,-1,1129,385,139,356,1,-1,-1,-1
348,-1,1498,399,124,313,1,-1,-1,-1
348,-1,1349,392,115,329,1,-1,-1,-1
348,-1,1760,438,65,215,1,-1,-1,-1
349,-1,1500,400,123,310,1,-1,-1,-1
349,-1,1132,383,129,357,1,-1,-1,-1
349,-1,1351,389,112,331,1,-1,-1,-1
350,-1,1123,382,136,356,1,-1,-1,-1
350,-1,1354,389,115,328,1,-1,-1,-1
350,-1,1504,408,122,300,1,-1,-1,-1
350,-1,1402,397,114,317,1,-1,-1,-1
351,-1,1128,381,134,358,1,-1,-1,-1
351,-1,1503,406,119,299,1,-1,-1,-1
351,-1,1407,397,115,315,1,-1,-1,-1
351,-1,1359,389,112,322,1,-1,-1,-1
352,-1,1114,375,153,366,1,-1,-1,-1
352,-1,1499,402,120,305,1,-1,-1,-1
352,-1,1414,398,112,314,1,-1,-1,-1
352,-1,1360,391,107,317,1,-1,-1,-1
353,-1,1116,378,142,365,1,-1,-1,-1
353,-1,1506,399,114,306,1,-1,-1,-1
353,-1,1417,399,106,307,1,-1,-1,-1
354,-1,1114,375,144,372,1,-1,-1,-1
354,-1,1507,405,114,293,1,-1,-1,-1
354,-1,1409,400,110,305,1,-1,-1,-1
355,-1,1115,374,136,372,1,-1,-1,-1
355,-1,1508,406,112,297,1,-1,-1,-1
355,-1,1413,403,109,306,1,-1,-1,-1
355,-1,1700,436,130,286,1,-1,-1,-1
356,-1,1109,369,143,381,1,-1,-1,-1
356,-1,1409,400,114,309,1,-1,-1,-1
356,-1,1507,404,118,304,1,-1,-1,-1
357,-1,1102,369,147,381,1,-1,-1,-1
357,-1,1411,401,115,311,1,-1,-1,-1
357,-1,1520,401,102,307,1,-1,-1,-1
358,-1,1107,372,135,382,1,-1,-1,-1
358,-1,1510,400,112,308,1,-1,-1,-1
358,-1,1409,401,121,308,1,-1,-1,-1
359,-1,1096,373,147,381,1,-1,-1,-1
359,-1,1509,401,115,308,1,-1,-1,-1
359,-1,1417,402,120,310,1,-1,-1,-1
360,-1,1515,405,111,303,1,-1,-1,-1
360,-1,1417,402,112,308,1,-1,-1,-1
360,-1,1108,375,131,384,1,-1,-1,-1
360,-1,1708,431,123,293,1,-1,-1,-1
361,-1,1509,405,120,301,1,-1,-1,-1
361,-1,1419,400,116,308,1,-1,-1,-1
361,-1,1098,370,149,392,1,-1,-1,-1
361,-1,1714,434,123,288,1,-1,-1,-1
362,-1,1514,410,119,295,1,-1,-1,-1
362,-1,1424,405,112,303,1,-1,-1,-1
362,-1,1104,373,139,389,1,-1,-1,-1
362,-1,1716,435,130,288,1,-1,-1,-1
363,-1,1521,405,109,301,1,-1,-1,-1
363,-1,1429,402,110,305,1,-1,-1,-1
363,-1,1103,373,140,393,1,-1,-1,-1
363,-1,1726,433,124,290,1,-1,-1,-1
364,-1,1517,406,112,302,1,-1,-1,-1
364,-1,1104,372,140,392,1,-1,-1,-1
364,-1,1436,403,102,303,1,-1,-1,-1
364,-1,1735,439,118,286,1,-1,-1,-1
365,-1,1518,405,119,304,1,-1,-1,-1
365,-1,1101,371,148,392,1,-1,-1,-1
365,-1,1440,402,108,304,1,-1,-1,-1
365,-1,1735,435,119,292,1,-1,-1,-1
366,-1,1517,407,126,306,1,-1,-1,-1
366,-1,1098,368,149,395,1,-1,-1,-1
366,-1,1733,438,130,292,1,-1,-1,-1
366,-1,1444,402,113,306,1,-1,-1,-1
367,-1,1522,406,123,301,1,-1,-1,-1
367,-1,1091,370,151,396,1,-1,-1,-1
367,-1,1729,436,140,296,1,-1,-1,-1
367,-1,1446,399,107,304,1,-1,-1,-1
367,-1,4,217,210,756,1,-1,-1,-1
368,-1,1516,408,130,298,1,-1,-1,-1
368,-1,1085,362,162,410,1,-1,-1,-1
368,-1,12,215,231,758,1,-1,-1,-1
368,-1,1442,400,115,300,1,-1,-1,-1
368,-1,1730,436,133,293,1,-1,-1,-1
369,-1,1516,403,130,304,1,-1,-1,-1
369,-1,1090,363,152,407,1,-1,-1,-1
369,-1,22,218,235,749,1,-1,-1,-1
369,-1,1451,399,112,300,1,-1,-1,-1
369,-1,1727,441,146,291,1,-1,-1,-1
370,-1,1532,406,122,299,1,-1,-1,-1
370,-1,1084,356,155,423,1,-1,-1,-1
370,-1,1449,401,104,293,1,-1,-1,-1
370,-1,1743,402,127,306,1,-1,-1,-1
370,-1,1615,401,106,286,1,-1,-1,-1
370,-1,45,256,240,697,1,-1,-1,-1
371,-1,1083,362,152,422,1,-1,-1,-1
371,-1,1534,405,116,302,1,-1,-1,-1
371,-1,1450,403,105,291,1,-1,-1,-1
371,-1,1617,400,107,291,1,-1,-1,-1
371,-1,1765,392,149,336,1,-1,-1,-1
372,-1,1079,358,154,433,1,-1,-1,-1
372,-1,1460,406,107,285,1,-1,-1,-1
372,-1,1516,406,115,301,1,-1,-1,-1
372,-1,1621,400,105,293,1,-1,-1,-1
372,-1,1788,418,127,318,1,-1,-1,-1
372,-1,1753,402,110,305,1,-1,-1,-1
373,-1,1075,355,160,441,1,-1,-1,-1
373,-1,1459,403,105,283,1,-1,-1,-1
373,-1,1517,408,112,295,1,-1,-1,-1
373,-1,1613,400,109,289,1,-1,-1,-1
373,-1,82,282,277,667,1,-1,-1,-1
373,-1,1793,395,126,324,1,-1,-1,-1
373,-1,1760,398,109,302,1,-1,-1,-1
374,-1,1070,348,162,448,1,-1,-1,-1
374,-1,1608,400,120,291,1,-1,-1,-1
374,-1,1461,404,109,282,1,-1,-1,-1
374,-1,102,275,249,673,1,-1,-1,-1
374,-1,1505,409,119,290,1,-1,-1,-1
375,-1,62,293,351,657,1,-1,-1,-1
375,-1,1061,356,170,443,1,-1,-1,-1
375,-1,1460,400,109,287,1,-1,-1,-1
375,-1,1615,400,112,286,1,-1,-1,-1
375,-1,1796,425,124,312,1,-1,-1,-1
375,-1,1509,404,117,289,1,-1,-1,-1
376,-1,96,294,334,658,1,-1,-1,-1
376,-1,1052,355,169,442,1,-1,-1,-1
376,-1,1468,400,108,289,1,-1,-1,-1
376,-1,1610,409,114,275,1,-1,-1,-1
376,-1,1800,429,120,310,1,-1,-1,-1
376,-1,1493,407,123,288,1,-1,-1,-1
376,-1,1726,450,73,174,1,-1,-1,-1
377,-1,172,290,290,645,1,-1,-1,-1
377,-1,1043,355,175,445,1,-1,-1,-1
377,-1,1612,409,119,281,1,-1,-1,-1
377,-1,1464,402,102,285,1,-1,-1,-1
377,-1,1493,404,118,291,1,-1,-1,-1
377,-1,1810,392,110,334,1,-1,-1,-1
378,-1,1041,354,173,445,1,-1,-1,-1
378,-1,1484,401,126,292,1,-1,-1,-1
378,-1,1615,407,115,278,1,-1,-1,-1
378,-1,1808,390,112,341,1,-1,-1,-1
378,-1,202,318,269,609,1,-1,-1,-1
379,-1,1619,408,118,279,1,-1,-1,-1
379,-1,1039,352,179,448,1,-1,-1,-1
379,-1,1484,401,125,288,1,-1,-1,-1
379,-1,1809,394,111,329,1,-1,-1,-1
380,-1,1619,409,122,282,1,-1,-1,-1
380,-1,1489,406,122,281,1,-1,-1,-1
380,-1,1463,403,106,277,1,-1,-1,-1
380,-1,1723,450,82,196,1,-1,-1,-1
380,-1,1040,352,178,439,1,-1,-1,-1
381,-1,1481,404,129,285,1,-1,-1,-1
381,-1,1628,409,112,282,1,-1,-1,-1
381,-1,1732,444,79,203,1,-1,-1,-1
382,-1,1628,407,121,286,1,-1,-1,-1
382,-1,1487,408,127,284,1,-1,-1,-1
382,-1,1011,347,179,444,1,-1,-1,-1
382,-1,1751,449,72,193,1,-1,-1,-1
383,-1,1623,405,124,289,1,-1,-1,-1
383,-1,1008,349,178,434,1,-1,-1,-1
383,-1,1495,405,121,282,1,-1,-1,-1
383,-1,1753,448,74,194,1,-1,-1,-1
383,-1,1466,404,112,271,1,-1,-1,-1
384,-1,1624,407,122,283,1,-1,-1,-1
384,-1,1496,406,121,281,1,-1,-1,-1
384,-1,1757,447,73,197,1,-1,-1,-1
384,-1,1009,346,175,444,1,-1,-1,-1
385,-1,1631,409,117,280,1,-1,-1,-1
385,-1,999,349,177,445,1,-1,-1,-1
385,-1,1753,447,70,196,1,-1,-1,-1
385,-1,1507,405,112,277,1,-1,-1,-1
385,-1,346,308,240,591,1,-1,-1,-1
386,-1,1631,408,125,283,1,-1,-1,-1
386,-1,1002,351,170,457,1,-1,-1,-1
386,-1,1506,408,115,276,1,-1,-1,-1
386,-1,360,319,253,579,1,-1,-1,-1
386,-1,1756,446,71,197,1,-1,-1,-1
387,-1,1001,348,167,460,1,-1,-1,-1
387,-1,1627,408,126,281,1,-1,-1,-1
387,-1,370,348,277,549,1,-1,-1,-1
387,-1,1514,405,107,275,1,-1,-1,-1
387,-1,1749,446,77,194,1,-1,-1,-1
388,-1,995,349,173,461,1,-1,-1,-1
388,-1,368,353,294,542,1,-1,-1,-1
388,-1,1630,409,122,283,1,-1,-1,-1
388,-1,1751,444,74,196,1,-1,-1,-1
388,-1,1517,411,105,273,1,-1,-1,-1
389,-1,993,348,174,462,1,-1,-1,-1
389,-1,1636,411,128,280,1,-1,-1,-1
389,-1,461,329,184,508,1,-1,-1,-1
389,-1,1519,414,104,268,1,-1,-1,-1
389,-1,1753,442,72,203,1,-1,-1,-1
390,-1,991,341,177,473,1,-1,-1,-1
390,-1,1641,405,130,277,1,-1,-1,-1
390,-1,1520,405,106,277,1,-1,-1,-1
391,-1,983,338,187,465,1,-1,-1,-1
391,-1,1639,411,134,272,1,-1,-1,-1
391,-1,1520,407,107,275,1,-1,-1,-1
391,-1,1854,407,58,213,1,-1,-1,-1
392,-1,1646,410,131,269,1,-1,-1,-1
392,-1,1528,410,103,268,1,-1,-1,-1
392,-1,969,336,201,466,1,-1,-1,-1
393,-1,1528,415,106,264,1,-1,-1,-1
393,-1,1646,418,126,264,1,-1,-1,-1
393,-1,1780,443,67,206,1,-1,-1,-1
393,-1,960,326,202,476,1,-1,-1,-1
393,-1,1838,452,55,158,1,-1,-1,-1
394,-1,1530,411,112,266,1,-1,-1,-1
394,-1,957,326,201,482,1,-1,-1,-1
394,-1,1641,415,131,268,1,-1,-1,-1
394,-1,1831,451,59,161,1,-1,-1,-1
394,-1,1774,446,69,200,1,-1,-1,-1
394,-1,541,306,196,505,1,-1,-1,-1
394,-1,1166,461,59,180,1,-1,-1,-1
395,-1,1538,410,109,268,1,-1,-1,-1
395,-1,945,318,211,494,1,-1,-1,-1
395,-1,1635,412,132,270,1,-1,-1,-1
395,-1,1678,410,142,264,1,-1,-1,-1
395,-1,1832,455,51,156,1,-1,-1,-1
396,-1,941,324,217,493,1,-1,-1,-1
396,-1,1539,414,110,262,1,-1,-1,-1
396,-1,1682,410,141,261,1,-1,-1,-1
396,-1,1829,456,52,156,1,-1,-1,-1
397,-1,1541,411,110,265,1,-1,-1,-1
397,-1,938,315,218,504,1,-1,-1,-1
397,-1,1685,404,136,269,1,-1,-1,-1
397,-1,1745,438,64,156,1,-1,-1,-1
398,-1,934,332,220,492,1,-1,-1,-1
398,-1,1540,415,111,262,1,-1,-1,-1
398,-1,1827,454,63,161,1,-1,-1,-1
398,-1,1680,405,143,271,1,-1,-1,-1
399,-1,1542,414,110,263,1,-1,-1,-1
399,-1,939,315,206,518,1,-1,-1,-1
399,-1,1824,453,65,160,1,-1,-1,-1
399,-1,1695,407,131,269,1,-1,-1,-1
399,-1,1741,450,73,206,1,-1,-1,-1
400,-1,1542,414,110,264,1,-1,-1,-1
400,-1,936,328,197,520,1,-1,-1,-1
400,-1,1697,414,132,260,1,-1,-1,-1
400,-1,1818,457,67,152,1,-1,-1,-1
401,-1,1545,411,118,267,1,-1,-1,-1
401,-1,1693,409,136,264,1,-1,-1,-1
401,-1,1816,461,68,149,1,-1,-1,-1
401,-1,933,331,195,521,1,-1,-1,-1
402,-1,1549,409,120,268,1,-1,-1,-1
402,-1,667,338,171,468,1,-1,-1,-1
402,-1,1707,407,124,263,1,-1,-1,-1
402,-1,1817,461,67,153,1,-1,-1,-1
403,-1,685,338,166,465,1,-1,-1,-1
403,-1,1545,405,120,270,1,-1,-1,-1
403,-1,1696,411,137,260,1,-1,-1,-1
403,-1,1818,462,67,154,1,-1,-1,-1
404,-1,1701,417,133,255,1,-1,-1,-1
404,-1,1547,409,112,266,1,-1,-1,-1
404,-1,690,341,166,460,1,-1,-1,-1
404,-1,1816,461,69,151,1,-1,-1,-1
405,-1,1708,416,128,251,1,-1,-1,-1
405,-1,1552,416,105,258,1,-1,-1,-1
405,-1,705,335,158,449,1,-1,-1,-1
405,-1,1818,461,67,153,1,-1,-1,-1
405,-1,882,321,193,511,1,-1,-1,-1
406,-1,1708,413,128,255,1,-1,-1,-1
406,-1,888,306,177,528,1,-1,-1,-1
406,-1,1553,413,101,258,1,-1,-1,-1
407,-1,1720,402,115,266,1,-1,-1,-1
408,-1,1723,405,122,262,1,-1,-1,-1
409,-1,1718,409,136,262,1,-1,-1,-1
410,-1,1722,409,124,261,1,-1,-1,-1
411,-1,1722,407,131,268,1,-1,-1,-1
412,-1,1720,403,123,270,1,-1,-1,-1
412,-1,764,290,270,571,1,-1,-1,-1
412,-1,1628,409,109,263,1,-1,-1,-1
413,-1,1726,403,122,269,1,-1,-1,-1
413,-1,776,287,253,576,1,-1,-1,-1
413,-1,1626,409,105,262,1,-1,-1,-1
414,-1,1735,400,117,271,1,-1,-1,-1
414,-1,781,292,248,573,1,-1,-1,-1
414,-1,1629,402,108,269,1,-1,-1,-1
415,-1,1740,403,116,268,1,-1,-1,-1
415,-1,1628,402,110,270,1,-1,-1,-1
415,-1,1835,416,70,200,1,-1,-1,-1
416,-1,1741,403,124,268,1,-1,-1,-1
416,-1,1623,404,116,268,1,-1,-1,-1
416,-1,1826,414,81,206,1,-1,-1,-1
416,-1,770,291,249,573,1,-1,-1,-1
417,-1,1750,412,111,259,1,-1,-1,-1
417,-1,1629,412,108,256,1,-1,-1,-1
417,-1,13,518,75,187,1,-1,-1,-1
417,-1,797,296,190,489,1,-1,-1,-1
417,-1,1830,419,73,209,1,-1,-1,-1
418,-1,763,286,252,589,1,-1,-1,-1
418,-1,1751,406,112,267,1,-1,-1,-1
418,-1,1633,408,105,261,1,-1,-1,-1
418,-1,1830,417,77,214,1,-1,-1,-1
418,-1,13,516,75,187,1,-1,-1,-1
419,-1,752,279,267,604,1,-1,-1,-1
419,-1,758,516,238,360,1,-1,-1,-1
419,-1,1634,406,103,261,1,-1,-1,-1
419,-1,1750,410,113,262,1,-1,-1,-1
419,-1,1665,427,67,203,1,-1,-1,-1
419,-1,1837,413,72,218,1,-1,-1,-1
420,-1,742,272,278,610,1,-1,-1,-1
420,-1,737,518,265,358,1,-1,-1,-1
420,-1,1747,406,117,266,1,-1,-1,-1
420,-1,1635,410,103,257,1,-1,-1,-1
420,-1,1665,424,69,215,1,-1,-1,-1
421,-1,737,267,281,623,1,-1,-1,-1
421,-1,1634,406,107,264,1,-1,-1,-1
421,-1,1835,419,73,208,1,-1,-1,-1
421,-1,1743,403,115,269,1,-1,-1,-1
422,-1,714,265,271,623,1,-1,-1,-1
422,-1,1834,419,75,214,1,-1,-1,-1
422,-1,1638,406,115,263,1,-1,-1,-1
422,-1,13,521,78,174,1,-1,-1,-1
423,-1,698,267,261,631,1,-1,-1,-1
423,-1,12,516,78,180,1,-1,-1,-1
423,-1,928,347,132,393,1,-1,-1,-1
424,-1,681,273,264,625,1,-1,-1,-1
424,-1,934,345,131,395,1,-1,-1,-1
424,-1,10,518,78,176,1,-1,-1,-1
424,-1,1661,433,70,201,1,-1,-1,-1
425,-1,673,280,246,627,1,-1,-1,-1
425,-1,936,343,129,410,1,-1,-1,-1
425,-1,13,520,74,167,1,-1,-1,-1
426,-1,668,281,255,632,1,-1,-1,-1
426,-1,934,346,135,394,1,-1,-1,-1
426,-1,13,518,78,175,1,-1,-1,-1
427,-1,657,269,265,639,1,-1,-1,-1
427,-1,10,515,78,198,1,-1,-1,-1
427,-1,947,349,146,388,1,-1,-1,-1
428,-1,641,257,267,662,1,-1,-1,-1
428,-1,959,354,148,398,1,-1,-1,-1
428,-1,12,521,79,182,1,-1,-1,-1
429,-1,617,256,279,666,1,-1,-1,-1
429,-1,970,358,143,376,1,-1,-1,-1
429,-1,631,493,269,421,1,-1,-1,-1
430,-1,608,253,262,668,1,-1,-1,-1
430,-1,992,359,132,381,1,-1,-1,-1
430,-1,1656,425,71,205,1,-1,-1,-1
431,-1,588,242,263,678,1,-1,-1,-1
431,-1,1002,348,134,404,1,-1,-1,-1
432,-1,574,235,265,691,1,-1,-1,-1
432,-1,1009,354,132,397,1,-1,-1,-1
433,-1,573,227,254,706,1,-1,-1,-1
433,-1,1024,364,121,377,1,-1,-1,-1
434,-1,562,245,239,688,1,-1,-1,-1
434,-1,1027,363,128,380,1,-1,-1,-1
435,-1,549,231,242,713,1,-1,-1,-1
435,-1,1041,370,116,347,1,-1,-1,-1
435,-1,1715,442,84,215,1,-1,-1,-1
436,-1,535,230,251,730,1,-1,-1,-1
436,-1,1045,371,117,359,1,-1,-1,-1
436,-1,1740,439,64,160,1,-1,-1,-1
436,-1,1714,436,89,223,1,-1,-1,-1
437,-1,522,220,259,739,1,-1,-1,-1
437,-1,1738,432,63,183,1,-1,-1,-1
437,-1,1047,367,121,371,1,-1,-1,-1
437,-1,1717,439,82,215,1,-1,-1,-1
438,-1,507,226,262,735,1,-1,-1,-1
438,-1,1741,422,70,216,1,-1,-1,-1
439,-1,503,226,266,743,1,-1,-1,-1
440,-1,479,227,282,754,1,-1,-1,-1
440,-1,1719,442,96,212,1,-1,-1,-1
440,-1,1084,365,147,369,1,-1,-1,-1
441,-1,451,223,304,761,1,-1,-1,-1
441,-1,1082,365,165,375,1,-1,-1,-1
442,-1,456,218,278,769,1,-1,-1,-1
443,-1,7,264,249,647,1,-1,-1,-1
443,-1,382,222,332,757,1,-1,-1,-1
443,-1,1742,435,96,224,1,-1,-1,-1
443,-1,1096,372,164,359,1,-1,-1,-1
444,-1,361,213,343,773,1,-1,-1,-1
444,-1,4,269,259,641,1,-1,-1,-1
444,-1,1109,374,149,359,1,-1,-1,-1
444,-1,1750,441,89,216,1,-1,-1,-1
445,-1,355,216,330,781,1,-1,-1,-1
445,-1,5,277,271,635,1,-1,-1,-1
445,-1,1124,375,135,350,1,-1,-1,-1
446,-1,347,228,315,778,1,-1,-1,-1
446,-1,5,287,274,619,1,-1,-1,-1
446,-1,1132,376,128,350,1,-1,-1,-1
446,-1,1821,393,99,279,1,-1,-1,-1
447,-1,332,211,314,801,1,-1,-1,-1
447,-1,5,284,268,611,1,-1,-1,-1
447,-1,1133,371,124,332,1,-1,-1,-1
448,-1,253,215,381,806,1,-1,-1,-1
448,-1,10,291,252,599,1,-1,-1,-1
448,-1,1141,373,126,349,1,-1,-1,-1
449,-1,216,215,413,811,1,-1,-1,-1
449,-1,6,295,257,618,1,-1,-1,-1
449,-1,1145,373,124,363,1,-1,-1,-1
449,-1,1428,456,60,184,1,-1,-1,-1
449,-1,1372,456,60,181,1,-1,-1,-1
450,-1,223,204,395,827,1,-1,-1,-1
450,-1,7,291,269,644,1,-1,-1,-1
450,-1,1764,397,156,284,1,-1,-1,-1
450,-1,1429,455,57,183,1,-1,-1,-1
450,-1,1376,459,57,168,1,-1,-1,-1
451,-1,216,198,391,850,1,-1,-1,-1
451,-1,14,285,278,636,1,-1,-1,-1
451,-1,1774,400,146,281,1,-1,-1,-1
451,-1,1148,366,160,359,1,-1,-1,-1
451,-1,1428,457,61,179,1,-1,-1,-1
452,-1,216,201,385,854,1,-1,-1,-1
452,-1,1152,366,154,342,1,-1,-1,-1
452,-1,22,281,260,636,1,-1,-1,-1
452,-1,1426,456,62,183,1,-1,-1,-1
452,-1,1765,400,155,277,1,-1,-1,-1
453,-1,1178,371,134,339,1,-1,-1,-1
453,-1,1765,397,151,281,1,-1,-1,-1
453,-1,1434,461,58,174,1,-1,-1,-1
453,-1,139,197,424,825,1,-1,-1,-1
454,-1,141,184,419,871,1,-1,-1,-1
454,-1,1186,373,131,346,1,-1,-1,-1
454,-1,1438,458,55,178,1,-1,-1,-1
454,-1,1783,395,133,283,1,-1,-1,-1
455,-1,115,163,393,902,1,-1,-1,-1
455,-1,1201,375,126,334,1,-1,-1,-1
455,-1,1436,452,58,186,1,-1,-1,-1
455,-1,1769,394,144,286,1,-1,-1,-1
456,-1,132,172,344,903,1,-1,-1,-1
456,-1,1436,449,61,192,1,-1,-1,-1
456,-1,1218,376,116,327,1,-1,-1,-1
456,-1,1779,397,132,281,1,-1,-1,-1
457,-1,126,163,329,911,1,-1,-1,-1
457,-1,1217,374,121,334,1,-1,-1,-1
457,-1,1438,452,61,186,1,-1,-1,-1
457,-1,1763,394,105,282,1,-1,-1,-1
458,-1,111,150,325,912,1,-1,-1,-1
458,-1,1750,398,112,280,1,-1,-1,-1
458,-1,1436,460,63,178,1,-1,-1,-1
458,-1,1227,372,121,343,1,-1,-1,-1
459,-1,80,148,331,911,1,-1,-1,-1
459,-1,1219,372,131,351,1,-1,-1,-1
459,-1,1742,398,110,272,1,-1,-1,-1
459,-1,1431,460,74,177,1,-1,-1,-1
460,-1,1734,397,127,278,1,-1,-1,-1
460,-1,51,148,375,907,1,-1,-1,-1
460,-1,1206,373,150,343,1,-1,-1,-1
460,-1,1435,455,73,185,1,-1,-1,-1
461,-1,9,152,419,921,1,-1,-1,-1
461,-1,1737,393,113,280,1,-1,-1,-1
461,-1,1198,370,166,324,1,-1,-1,-1
461,-1,1434,458,77,182,1,-1,-1,-1
462,-1,3,149,434,926,1,-1,-1,-1
462,-1,1730,393,115,280,1,-1,-1,-1
463,-1,1442,450,81,189,1,-1,-1,-1
463,-1,0,158,398,913,1,-1,-1,-1
463,-1,1723,397,116,278,1,-1,-1,-1
464,-1,1717,400,121,278,1,-1,-1,-1
464,-1,1442,450,83,187,1,-1,-1,-1
464,-1,3,141,321,933,1,-1,-1,-1
464,-1,165,260,281,675,1,-1,-1,-1
465,-1,1435,448,84,188,1,-1,-1,-1
465,-1,197,339,267,574,1,-1,-1,-1
465,-1,1715,397,115,277,1,-1,-1,-1
465,-1,0,144,306,936,1,-1,-1,-1
466,-1,1434,451,79,171,1,-1,-1,-1
466,-1,2,105,276,963,1,-1,-1,-1
466,-1,1702,401,124,272,1,-1,-1,-1
466,-1,1299,395,122,306,1,-1,-1,-1
466,-1,1814,433,91,211,1,-1,-1,-1
467,-1,1303,391,120,312,1,-1,-1,-1
467,-1,1650,400,127,276,1,-1,-1,-1
467,-1,1436,449,80,172,1,-1,-1,-1
467,-1,0,108,244,964,1,-1,-1,-1
467,-1,1817,437,90,209,1,-1,-1,-1
468,-1,1321,388,113,319,1,-1,-1,-1
468,-1,1816,443,90,198,1,-1,-1,-1
468,-1,1643,404,121,268,1,-1,-1,-1
469,-1,1320,386,121,317,1,-1,-1,-1
469,-1,1817,441,89,204,1,-1,-1,-1
469,-1,1642,406,118,267,1,-1,-1,-1
469,-1,1442,444,73,191,1,-1,-1,-1
470,-1,1323,379,116,328,1,-1,-1,-1
470,-1,1818,447,86,190,1,-1,-1,-1
470,-1,1730,421,68,209,1,-1,-1,-1
471,-1,1327,380,107,323,1,-1,-1,-1
471,-1,1820,444,82,191,1,-1,-1,-1
471,-1,301,313,253,545,1,-1,-1,-1
471,-1,1739,421,66,210,1,-1,-1,-1
472,-1,1335,379,105,330,1,-1,-1,-1
472,-1,1819,442,84,193,1,-1,-1,-1
472,-1,1633,408,119,260,1,-1,-1,-1
473,-1,1339,382,103,316,1,-1,-1,-1
473,-1,1827,443,75,194,1,-1,-1,-1
473,-1,1627,409,119,265,1,-1,-1,-1
473,-1,1460,447,66,187,1,-1,-1,-1
473,-1,344,358,220,496,1,-1,-1,-1
474,-1,1832,449,73,185,1,-1,-1,-1
474,-1,1344,386,104,317,1,-1,-1,-1
474,-1,1626,438,84,226,1,-1,-1,-1
474,-1,1518,449,68,207,1,-1,-1,-1
474,-1,1461,450,62,182,1,-1,-1,-1
474,-1,345,355,231,511,1,-1,-1,-1
475,-1,1348,387,111,316,1,-1,-1,-1
475,-1,336,325,285,529,1,-1,-1,-1
475,-1,1756,416,64,203,1,-1,-1,-1
475,-1,1831,444,74,188,1,-1,-1,-1
475,-1,1616,411,118,259,1,-1,-1,-1
475,-1,1519,446,71,208,1,-1,-1,-1
475,-1,1651,427,67,192,1,-1,-1,-1
476,-1,337,339,309,512,1,-1,-1,-1
476,-1,1353,392,112,306,1,-1,-1,-1
476,-1,1753,414,67,204,1,-1,-1,-1
476,-1,1609,412,125,255,1,-1,-1,-1
476,-1,1652,422,69,208,1,-1,-1,-1
476,-1,1833,441,72,191,1,-1,-1,-1
476,-1,11,514,72,201,1,-1,-1,-1
476,-1,1521,448,74,209,1,-1,-1,-1
477,-1,343,343,305,507,1,-1,-1,-1
477,-1,1361,395,111,306,1,-1,-1,-1
477,-1,1602,412,125,256,1,-1,-1,-1
477,-1,1755,414,66,199,1,-1,-1,-1
477,-1,1522,447,77,212,1,-1,-1,-1
477,-1,1653,427,66,205,1,-1,-1,-1
478,-1,352,351,296,499,1,-1,-1,-1
478,-1,1752,409,70,211,1,-1,-1,-1
478,-1,1366,391,113,309,1,-1,-1,-1
478,-1,1603,414,124,256,1,-1,-1,-1
479,-1,1391,403,118,288,1,-1,-1,-1
479,-1,1606,408,121,263,1,-1,-1,-1
479,-1,416,362,221,491,1,-1,-1,-1
479,-1,1751,412,71,203,1,-1,-1,-1
480,-1,412,365,236,497,1,-1,-1,-1
480,-1,1401,401,110,292,1,-1,-1,-1
480,-1,12,517,74,185,1,-1,-1,-1
480,-1,1835,438,72,193,1,-1,-1,-1
480,-1,1180,459,59,172,1,-1,-1,-1
481,-1,1397,402,124,298,1,-1,-1,-1
481,-1,422,361,226,496,1,-1,-1,-1
481,-1,1831,436,76,199,1,-1,-1,-1
481,-1,1587,412,138,258,1,-1,-1,-1
481,-1,11,515,75,181,1,-1,-1,-1
482,-1,423,365,230,488,1,-1,-1,-1
482,-1,1399,400,127,300,1,-1,-1,-1
482,-1,1828,436,77,197,1,-1,-1,-1
483,-1,436,362,224,476,1,-1,-1,-1
483,-1,1407,398,122,293,1,-1,-1,-1
483,-1,1832,440,73,193,1,-1,-1,-1
483,-1,1536,410,130,266,1,-1,-1,-1
483,-1,0,482,134,447,1,-1,-1,-1
484,-1,1400,395,135,296,1,-1,-1,-1
484,-1,441,365,219,476,1,-1,-1,-1
484,-1,1826,440,83,193,1,-1,-1,-1
484,-1,9,474,168,472,1,-1,-1,-1
484,-1,1513,411,141,267,1,-1,-1,-1
484,-1,1208,461,64,173,1,-1,-1,-1
485,-1,1213,464,68,172,1,-1,-1,-1
485,-1,463,359,195,467,1,-1,-1,-1
485,-1,1415,396,118,296,1,-1,-1,-1
485,-1,1825,443,81,192,1,-1,-1,-1
485,-1,1525,416,133,263,1,-1,-1,-1
485,-1,11,261,246,718,1,-1,-1,-1
486,-1,1214,463,68,178,1,-1,-1,-1
486,-1,468,353,199,477,1,-1,-1,-1
486,-1,10,243,249,746,1,-1,-1,-1
486,-1,1427,394,112,287,1,-1,-1,-1
486,-1,1825,441,81,193,1,-1,-1,-1
486,-1,1522,411,113,263,1,-1,-1,-1
487,-1,1217,464,73,170,1,-1,-1,-1
487,-1,479,353,185,473,1,-1,-1,-1
487,-1,8,232,240,754,1,-1,-1,-1
487,-1,1436,395,104,279,1,-1,-1,-1
487,-1,1828,440,78,194,1,-1,-1,-1
487,-1,1501,408,119,267,1,-1,-1,-1
488,-1,1227,470,68,161,1,-1,-1,-1
488,-1,11,233,238,749,1,-1,-1,-1
488,-1,1478,395,135,280,1,-1,-1,-1
488,-1,1436,390,115,288,1,-1,-1,-1
488,-1,1833,444,73,187,1,-1,-1,-1
488,-1,490,352,185,473,1,-1,-1,-1
489,-1,1229,471,68,161,1,-1,-1,-1
489,-1,13,255,238,721,1,-1,-1,-1
489,-1,1439,390,114,297,1,-1,-1,-1
489,-1,1822,442,83,192,1,-1,-1,-1
489,-1,1483,399,125,279,1,-1,-1,-1
490,-1,1229,474,72,160,1,-1,-1,-1
490,-1,1441,395,114,289,1,-1,-1,-1
490,-1,19,288,254,711,1,-1,-1,-1
490,-1,1818,439,84,194,1,-1,-1,-1
490,-1,1478,401,125,276,1,-1,-1,-1
490,-1,521,357,201,456,1,-1,-1,-1
490,-1,1775,413,60,190,1,-1,-1,-1
491,-1,1235,470,65,169,1,-1,-1,-1
491,-1,1445,395,114,289,1,-1,-1,-1
491,-1,1467,402,135,276,1,-1,-1,-1
491,-1,1832,424,79,195,1,-1,-1,-1
491,-1,1778,417,58,167,1,-1,-1,-1
491,-1,518,356,202,456,1,-1,-1,-1
492,-1,1235,468,67,168,1,-1,-1,-1
492,-1,1443,395,119,290,1,-1,-1,-1
492,-1,1778,421,60,169,1,-1,-1,-1
492,-1,1836,424,75,195,1,-1,-1,-1
492,-1,1460,413,145,267,1,-1,-1,-1
493,-1,1244,471,65,169,1,-1,-1,-1
493,-1,1463,408,147,270,1,-1,-1,-1
493,-1,1830,426,80,192,1,-1,-1,-1
493,-1,1778,418,61,173,1,-1,-1,-1
493,-1,528,348,193,473,1,-1,-1,-1
494,-1,133,277,257,701,1,-1,-1,-1
494,-1,1449,405,160,277,1,-1,-1,-1
494,-1,529,374,201,464,1,-1,-1,-1
494,-1,1244,458,64,184,1,-1,-1,-1
494,-1,1823,440,80,191,1,-1,-1,-1
494,-1,1843,424,69,194,1,-1,-1,-1
495,-1,124,271,330,698,1,-1,-1,-1
495,-1,1441,401,173,281,1,-1,-1,-1
495,-1,1251,463,65,174,1,-1,-1,-1
495,-1,546,372,198,466,1,-1,-1,-1
495,-1,1825,442,79,187,1,-1,-1,-1
495,-1,1847,424,66,193,1,-1,-1,-1
496,-1,114,259,401,707,1,-1,-1,-1
496,-1,1445,400,177,282,1,-1,-1,-1
496,-1,552,372,193,466,1,-1,-1,-1
496,-1,1825,441,79,183,1,-1,-1,-1
496,-1,1254,472,59,135,1,-1,-1,-1
496,-1,1778,411,64,191,1,-1,-1,-1
497,-1,112,257,429,717,1,-1,-1,-1
497,-1,1459,396,159,283,1,-1,-1,-1
497,-1,559,374,195,460,1,-1,-1,-1
497,-1,1832,445,70,181,1,-1,-1,-1
497,-1,1254,477,57,118,1,-1,-1,-1
498,-1,123,281,414,685,1,-1,-1,-1
498,-1,1474,400,142,277,1,-1,-1,-1
498,-1,571,376,193,449,1,-1,-1,-1
498,-1,1841,453,58,170,1,-1,-1,-1
499,-1,123,292,447,681,1,-1,-1,-1
499,-1,1493,405,125,275,1,-1,-1,-1
499,-1,1845,454,57,170,1,-1,-1,-1
499,-1,582,375,188,462,1,-1,-1,-1
499,-1,1344,457,60,187,1,-1,-1,-1
500,-1,143,321,435,653,1,-1,-1,-1
500,-1,1497,405,127,276,1,-1,-1,-1
500,-1,1841,453,65,174,1,-1,-1,-1
500,-1,591,368,177,457,1,-1,-1,-1
500,-1,1327,452,69,193,1,-1,-1,-1
501,-1,158,312,407,647,1,-1,-1,-1
501,-1,1843,453,63,175,1,-1,-1,-1
501,-1,1336,449,68,194,1,-1,-1,-1
501,-1,1501,406,120,271,1,-1,-1,-1
501,-1,592,367,174,455,1,-1,-1,-1
501,-1,1657,474,62,136,1,-1,-1,-1
501,-1,1416,445,73,223,1,-1,-1,-1
502,-1,248,296,339,648,1,-1,-1,-1
502,-1,1491,416,130,259,1,-1,-1,-1
502,-1,1838,456,66,171,1,-1,-1,-1
502,-1,1328,448,77,197,1,-1,-1,-1
502,-1,1652,465,69,151,1,-1,-1,-1
503,-1,285,295,309,633,1,-1,-1,-1
503,-1,1496,417,129,259,1,-1,-1,-1
503,-1,1844,464,61,159,1,-1,-1,-1
503,-1,1335,453,69,190,1,-1,-1,-1
503,-1,1650,466,72,152,1,-1,-1,-1
504,-1,1490,425,139,250,1,-1,-1,-1
504,-1,630,357,199,442,1,-1,-1,-1
504,-1,1839,453,65,171,1,-1,-1,-1
504,-1,311,281,290,634,1,-1,-1,-1
504,-1,1650,460,71,161,1,-1,-1,-1
504,-1,1331,454,72,189,1,-1,-1,-1
504,-1,1408,451,86,211,1,-1,-1,-1
505,-1,634,345,182,467,1,-1,-1,-1
505,-1,357,286,269,623,1,-1,-1,-1
505,-1,1651,461,71,162,1,-1,-1,-1
505,-1,1509,432,133,245,1,-1,-1,-1
505,-1,1839,453,66,170,1,-1,-1,-1
506,-1,634,353,182,453,1,-1,-1,-1
506,-1,1847,453,57,170,1,-1,-1,-1
506,-1,1520,430,128,251,1,-1,-1,-1
506,-1,1657,459,70,165,1,-1,-1,-1
507,-1,640,359,179,452,1,-1,-1,-1
507,-1,1655,451,73,179,1,-1,-1,-1
507,-1,1852,450,54,174,1,-1,-1,-1
507,-1,1522,430,127,248,1,-1,-1,-1
508,-1,649,354,179,455,1,-1,-1,-1
508,-1,1654,454,73,175,1,-1,-1,-1
508,-1,1847,448,57,174,1,-1,-1,-1
508,-1,1524,429,134,245,1,-1,-1,-1
508,-1,410,276,273,643,1,-1,-1,-1
509,-1,656,362,179,435,1,-1,-1,-1
509,-1,472,287,252,625,1,-1,-1,-1
509,-1,1527,418,131,256,1,-1,-1,-1
509,-1,1654,457,72,176,1,-1,-1,-1
509,-1,1847,449,58,175,1,-1,-1,-1
509,-1,1428,441,79,219,1,-1,-1,-1
510,-1,458,295,294,608,1,-1,-1,-1
510,-1,675,343,192,458,1,-1,-1,-1
510,-1,1651,459,74,168,1,-1,-1,-1
510,-1,1531,424,128,253,1,-1,-1,-1
510,-1,1846,451,56,171,1,-1,-1,-1
511,-1,458,318,316,587,1,-1,-1,-1
511,-1,687,355,187,437,1,-1,-1,-1
511,-1,1656,459,70,169,1,-1,-1,-1
511,-1,1851,452,52,166,1,-1,-1,-1
511,-1,18,525,63,166,1,-1,-1,-1
511,-1,1540,419,120,251,1,-1,-1,-1
512,-1,449,310,342,595,1,-1,-1,-1
512,-1,1653,455,71,177,1,-1,-1,-1
512,-1,1851,451,51,166,1,-1,-1,-1
512,-1,1427,441,75,216,1,-1,-1,-1
512,-1,18,534,62,155,1,-1,-1,-1
512,-1,700,352,169,447,1,-1,-1,-1
513,-1,475,313,319,591,1,-1,-1,-1
513,-1,1649,456,73,177,1,-1,-1,-1
513,-1,1345,451,97,203,1,-1,-1,-1
513,-1,18,530,63,148,1,-1,-1,-1
513,-1,1844,459,51,157,1,-1,-1,-1
514,-1,505,305,294,595,1,-1,-1,-1
514,-1,1642,462,78,174,1,-1,-1,-1
514,-1,1344,449,90,202,1,-1,-1,-1
514,-1,15,525,63,168,1,-1,-1,-1
514,-1,1423,451,74,196,1,-1,-1,-1
515,-1,557,322,258,566,1,-1,-1,-1
515,-1,1645,457,76,188,1,-1,-1,-1
515,-1,15,527,61,165,1,-1,-1,-1
516,-1,590,278,251,604,1,-1,-1,-1
516,-1,1640,463,76,190,1,-1,-1,-1
516,-1,1541,448,70,211,1,-1,-1,-1
516,-1,11,532,62,177,1,-1,-1,-1
517,-1,632,273,236,604,1,-1,-1,-1
517,-1,1643,462,75,181,1,-1,-1,-1
517,-1,1332,448,83,206,1,-1,-1,-1
517,-1,1537,446,67,209,1,-1,-1,-1
517,-1,12,532,62,173,1,-1,-1,-1
518,-1,1632,459,92,194,1,-1,-1,-1
518,-1,1344,451,72,201,1,-1,-1,-1
518,-1,11,522,65,195,1,-1,-1,-1
518,-1,1432,458,56,192,1,-1,-1,-1
519,-1,1632,459,88,196,1,-1,-1,-1
519,-1,1338,450,74,208,1,-1,-1,-1
519,-1,1423,460,58,192,1,-1,-1,-1
519,-1,11,522,66,189,1,-1,-1,-1
520,-1,1347,454,63,197,1,-1,-1,-1
520,-1,1628,453,95,205,1,-1,-1,-1
520,-1,1432,461,53,192,1,-1,-1,-1
520,-1,13,520,67,187,1,-1,-1,-1
521,-1,1427,457,58,191,1,-1,-1,-1
521,-1,1339,452,70,204,1,-1,-1,-1
521,-1,1626,447,99,207,1,-1,-1,-1
521,-1,678,286,240,580,1,-1,-1,-1
521,-1,14,528,61,160,1,-1,-1,-1
522,-1,678,303,278,566,1,-1,-1,-1
522,-1,1437,450,60,198,1,-1,-1,-1
522,-1,1342,444,68,211,1,-1,-1,-1
522,-1,1626,438,98,218,1,-1,-1,-1
522,-1,15,527,64,160,1,-1,-1,-1
523,-1,1429,450,70,196,1,-1,-1,-1
523,-1,699,314,274,548,1,-1,-1,-1
523,-1,1628,438,93,213,1,-1,-1,-1
523,-1,1847,387,69,301,1,-1,-1,-1
524,-1,697,312,280,555,1,-1,-1,-1
524,-1,1442,455,62,195,1,-1,-1,-1
524,-1,1840,384,75,302,1,-1,-1,-1
524,-1,1625,436,95,216,1,-1,-1,-1
524,-1,1336,453,71,196,1,-1,-1,-1
525,-1,704,310,288,556,1,-1,-1,-1
525,-1,1438,454,65,197,1,-1,-1,-1
525,-1,1626,435,95,216,1,-1,-1,-1
525,-1,1839,383,78,303,1,-1,-1,-1
525,-1,1329,454,73,193,1,-1,-1,-1
