1,-1,347,132,278,187,0.97
1,-1,149,388,316,150,0.90
2,-1,351,137,285,184,0.97
2,-1,151,382,315,156,0.92
2,-1,703,101,43,19,0.31
3,-1,347,132,297,192,0.98
3,-1,151,380,315,157,0.93
3,-1,705,99,43,20,0.38
3,-1,618,86,54,25,0.33
4,-1,353,137,299,191,0.98
4,-1,160,381,304,155,0.92
4,-1,701,98,45,21,0.42
4,-1,615,85,60,26,0.35
4,-1,51,183,47,46,0.33
4,-1,269,65,35,18,0.32
5,-1,353,140,302,196,0.99
5,-1,169,381,301,155,0.92
5,-1,703,101,43,19,0.35
5,-1,275,65,27,19,0.34
5,-1,618,86,51,23,0.31
6,-1,350,138,311,204,0.98
6,-1,169,378,302,157,0.92
6,-1,275,65,28,19,0.46
6,-1,702,100,44,20,0.37
7,-1,358,138,306,209,0.99
7,-1,173,381,303,155,0.92
7,-1,271,67,33,19,0.39
8,-1,361,142,312,209,0.99
8,-1,173,380,302,155,0.90
8,-1,271,69,33,17,0.42
9,-1,368,144,318,212,0.99
9,-1,177,383,304,155,0.90
9,-1,271,70,34,17,0.42
10,-1,363,144,330,214,0.99
10,-1,173,380,307,156,0.90
10,-1,271,69,33,18,0.42
11,-1,374,142,326,222,0.99
11,-1,175,381,308,155,0.90
11,-1,267,69,36,18,0.42
12,-1,379,150,332,220,0.99
12,-1,176,380,308,157,0.91
12,-1,267,69,37,18,0.37
13,-1,378,148,341,227,0.99
13,-1,178,380,308,157,0.91
13,-1,264,70,38,18,0.40
14,-1,380,144,347,233,0.98
14,-1,178,377,309,159,0.92
14,-1,267,70,35,17,0.35
15,-1,380,148,361,231,0.98
15,-1,179,376,312,159,0.93
15,-1,266,69,37,18,0.41
16,-1,379,147,367,237,0.98
16,-1,184,378,307,157,0.92
16,-1,263,69,41,18,0.34
17,-1,393,154,361,233,0.98
17,-1,180,376,313,157,0.92
17,-1,260,67,42,20,0.31
18,-1,375,143,388,247,0.97
18,-1,184,375,310,157,0.92
18,-1,253,63,45,22,0.30
19,-1,379,143,399,256,0.98
19,-1,184,376,310,156,0.93
19,-1,254,62,47,22,0.35
20,-1,387,147,406,259,0.98
20,-1,186,375,311,156,0.93
20,-1,252,60,46,22,0.41
20,-1,702,98,45,21,0.32
21,-1,383,139,415,279,0.99
21,-1,188,373,311,156,0.95
21,-1,251,61,49,23,0.55
21,-1,700,97,45,21,0.35
22,-1,384,137,422,290,0.98
22,-1,189,372,309,157,0.94
22,-1,256,63,42,21,0.50
22,-1,702,97,44,22,0.35
22,-1,615,83,58,28,0.30
23,-1,389,136,430,302,0.98
23,-1,188,372,312,156,0.94
23,-1,256,63,40,21,0.40
23,-1,701,96,42,23,0.36
23,-1,157,42,69,61,0.31
24,-1,386,123,462,313,0.98
24,-1,189,371,308,158,0.93
24,-1,698,95,48,23,0.40
24,-1,260,60,40,21,0.33
25,-1,384,134,474,312,0.97
25,-1,188,372,312,158,0.95
25,-1,260,59,39,22,0.42
25,-1,700,96,43,22,0.39
26,-1,387,140,473,314,0.96
26,-1,186,373,315,158,0.94
26,-1,261,60,37,22,0.38
26,-1,700,97,46,22,0.33
27,-1,384,139,493,317,0.95
27,-1,182,375,320,160,0.95
27,-1,260,60,38,22,0.44
28,-1,396,144,487,317,0.96
28,-1,181,375,322,159,0.95
28,-1,255,63,43,23,0.50
28,-1,702,99,41,21,0.32
29,-1,410,149,488,327,0.97
29,-1,179,376,323,158,0.95
29,-1,261,62,38,21,0.52
30,-1,409,143,526,339,0.96
30,-1,181,377,320,157,0.95
30,-1,259,63,43,23,0.54
30,-1,346,65,46,23,0.35
31,-1,187,376,317,158,0.95
31,-1,410,148,540,340,0.93
31,-1,259,62,40,21,0.41
31,-1,353,69,35,19,0.33
31,-1,703,100,39,19,0.32
32,-1,186,376,318,159,0.95
32,-1,407,143,553,353,0.90
32,-1,260,62,38,20,0.50
32,-1,707,100,39,20,0.33
33,-1,181,376,325,159,0.96
33,-1,409,144,551,366,0.89
33,-1,257,62,39,20,0.50
33,-1,702,100,41,20,0.30
33,-1,357,72,31,16,0.30
34,-1,177,375,329,160,0.95
34,-1,408,138,552,388,0.86
34,-1,261,63,35,18,0.41
34,-1,702,98,44,21,0.36
35,-1,181,375,327,160,0.95
35,-1,408,142,552,392,0.84
35,-1,702,99,44,21,0.36
35,-1,262,59,38,20,0.35
36,-1,185,373,322,161,0.95
36,-1,416,144,544,390,0.85
36,-1,256,60,40,22,0.41
36,-1,703,98,43,21,0.36
37,-1,187,373,319,161,0.95
37,-1,420,150,540,385,0.85
37,-1,258,60,37,21,0.40
38,-1,185,373,319,160,0.95
38,-1,417,147,543,388,0.81
38,-1,259,60,35,20,0.43
38,-1,705,100,39,20,0.37
39,-1,187,373,319,161,0.95
39,-1,417,149,543,387,0.80
39,-1,258,60,34,20,0.50
39,-1,705,99,40,21,0.42
39,-1,624,87,44,24,0.34
40,-1,182,373,324,160,0.93
40,-1,419,149,541,384,0.77
40,-1,257,61,36,21,0.54
40,-1,702,98,45,21,0.30
41,-1,183,375,324,158,0.93
41,-1,432,150,528,385,0.79
41,-1,256,63,36,19,0.49
41,-1,700,97,47,22,0.33
41,-1,618,84,54,27,0.32
42,-1,188,373,316,161,0.94
42,-1,436,156,524,380,0.83
42,-1,258,62,36,20,0.51
42,-1,702,98,45,22,0.37
42,-1,619,85,51,27,0.32
42,-1,335,67,26,20,0.30
43,-1,185,376,320,159,0.94
43,-1,441,158,519,378,0.76
43,-1,259,61,35,21,0.37
43,-1,621,84,47,26,0.32
44,-1,187,378,317,156,0.94
44,-1,444,159,516,381,0.66
44,-1,259,66,35,18,0.35
45,-1,187,375,317,160,0.95
45,-1,449,158,511,382,0.71
45,-1,254,65,40,20,0.40
46,-1,188,376,315,158,0.95
46,-1,453,162,507,376,0.67
46,-1,259,66,33,18,0.38
47,-1,186,375,319,160,0.95
47,-1,457,160,503,373,0.66
47,-1,259,66,35,18,0.37
47,-1,708,104,37,23,0.33
47,-1,700,99,41,21,0.31
48,-1,190,374,316,161,0.95
48,-1,466,165,494,369,0.72
48,-1,259,65,35,19,0.42
48,-1,699,98,44,22,0.33
49,-1,187,373,321,162,0.96
49,-1,471,164,489,371,0.55
50,-1,193,373,312,161,0.95
50,-1,470,161,490,374,0.72
50,-1,259,64,34,20,0.32
51,-1,194,374,314,162,0.95
51,-1,472,166,488,370,0.72
51,-1,261,66,32,18,0.39
52,-1,189,375,319,160,0.95
52,-1,476,170,484,365,0.42
52,-1,262,67,33,17,0.41
52,-1,710,105,37,22,0.30
53,-1,190,375,321,161,0.95
53,-1,260,66,32,19,0.42
53,-1,491,166,466,371,0.30
54,-1,196,375,315,161,0.95
54,-1,253,67,38,19,0.46
54,-1,502,161,456,374,0.30
55,-1,197,376,314,160,0.94
55,-1,252,67,40,21,0.42
56,-1,196,375,315,160,0.93
56,-1,251,67,40,20,0.42
57,-1,186,375,323,161,0.93
57,-1,251,67,40,21,0.43
57,-1,622,91,47,23,0.33
57,-1,704,106,41,22,0.33
57,-1,697,100,43,21,0.30
57,-1,517,174,401,346,0.30
58,-1,193,374,317,161,0.94
58,-1,522,183,421,348,0.66
58,-1,254,67,39,21,0.39
59,-1,194,374,324,160,0.96
59,-1,253,68,38,20,0.49
59,-1,525,184,429,349,0.46
60,-1,198,374,316,160,0.95
60,-1,254,68,38,19,0.41
60,-1,532,187,420,345,0.38
61,-1,205,373,312,160,0.96
61,-1,539,191,410,338,0.58
61,-1,253,69,38,18,0.36
62,-1,201,373,315,161,0.95
62,-1,254,68,37,20,0.34
63,-1,198,371,320,160,0.96
63,-1,562,191,394,343,0.31
64,-1,200,372,318,160,0.96
65,-1,205,374,313,158,0.94
65,-1,709,107,36,21,0.30
65,-1,251,67,40,21,0.30
66,-1,211,373,306,159,0.95
67,-1,210,372,309,160,0.95
67,-1,253,68,38,22,0.38
67,-1,584,198,371,336,0.35
67,-1,705,107,41,21,0.31
67,-1,620,95,47,21,0.31
67,-1,152,49,70,51,0.30
68,-1,212,372,305,158,0.95
68,-1,250,68,41,22,0.36
68,-1,707,106,42,22,0.31
69,-1,211,371,307,158,0.96
69,-1,251,67,40,21,0.36
70,-1,214,369,303,158,0.97
70,-1,150,47,61,59,0.33
70,-1,250,64,38,24,0.32
71,-1,214,370,303,159,0.96
71,-1,249,63,40,25,0.48
71,-1,153,45,69,66,0.36
71,-1,114,59,41,28,0.32
72,-1,219,370,300,158,0.97
72,-1,251,65,36,22,0.37
72,-1,150,48,73,60,0.32
73,-1,218,371,301,157,0.96
73,-1,249,63,39,25,0.45
73,-1,156,49,64,57,0.32
74,-1,213,371,308,156,0.94
74,-1,246,62,43,28,0.54
74,-1,158,48,64,61,0.42
74,-1,215,60,34,28,0.33
75,-1,215,371,308,154,0.94
75,-1,246,62,42,26,0.49
75,-1,152,50,69,57,0.39
76,-1,216,370,307,154,0.93
76,-1,248,63,41,25,0.43
76,-1,151,48,70,61,0.33
77,-1,216,368,309,155,0.95
77,-1,151,47,71,65,0.39
77,-1,247,63,41,25,0.38
77,-1,646,234,306,298,0.37
77,-1,112,61,40,26,0.32
78,-1,222,368,301,155,0.95
78,-1,247,63,41,24,0.44
79,-1,222,367,302,154,0.96
79,-1,247,63,40,24,0.41
80,-1,221,367,304,155,0.94
80,-1,245,62,44,26,0.53
81,-1,221,367,305,154,0.94
81,-1,248,62,37,25,0.42
82,-1,223,367,303,155,0.94
82,-1,696,246,261,290,0.50
82,-1,248,63,38,24,0.38
83,-1,221,367,308,154,0.93
83,-1,708,250,252,290,0.51
83,-1,248,64,39,23,0.36
83,-1,708,250,252,290,0.34
84,-1,224,367,307,154,0.92
84,-1,715,252,245,288,0.51
84,-1,717,253,243,287,0.41
84,-1,705,106,38,21,0.31
85,-1,229,367,299,153,0.93
85,-1,718,257,242,283,0.45
85,-1,247,64,37,22,0.35
85,-1,704,106,40,21,0.31
86,-1,233,366,305,151,0.95
87,-1,235,365,304,152,0.95
87,-1,705,107,40,21,0.31
88,-1,238,365,301,153,0.95
88,-1,726,271,234,260,0.56
88,-1,705,107,39,21,0.31
89,-1,239,366,301,150,0.96
89,-1,742,277,218,253,0.41
90,-1,243,367,299,151,0.95
90,-1,705,108,37,21,0.31
91,-1,247,366,297,152,0.95
92,-1,246,366,301,152,0.96
93,-1,256,366,292,151,0.95
94,-1,256,366,294,151,0.96
94,-1,704,107,43,21,0.34
95,-1,257,365,295,153,0.97
95,-1,706,108,39,21,0.36
96,-1,260,366,295,151,0.96
96,-1,704,108,41,21,0.34
97,-1,263,366,293,153,0.94
98,-1,268,366,289,150,0.96
98,-1,705,107,40,22,0.40
99,-1,268,365,292,151,0.96
99,-1,704,107,39,22,0.40
99,-1,617,93,51,24,0.33
100,-1,271,366,292,147,0.96
100,-1,705,108,39,21,0.33
101,-1,271,364,297,147,0.97
101,-1,706,108,38,21,0.38
102,-1,270,364,298,149,0.97
102,-1,705,108,39,20,0.33
103,-1,273,365,296,147,0.97
103,-1,703,108,41,20,0.34
104,-1,277,366,293,145,0.96
104,-1,704,107,39,22,0.37
105,-1,278,364,291,146,0.97
105,-1,703,108,43,21,0.36
106,-1,280,364,287,145,0.97
106,-1,702,107,42,22,0.35
107,-1,283,362,286,144,0.96
108,-1,285,364,284,143,0.96
108,-1,703,108,41,21,0.36
109,-1,285,366,287,141,0.96
109,-1,703,108,42,22,0.38
109,-1,674,106,40,23,0.31
110,-1,288,364,286,141,0.96
110,-1,703,109,39,21,0.40
110,-1,677,107,37,22,0.34
111,-1,291,362,283,142,0.96
111,-1,704,109,38,20,0.33
112,-1,296,362,281,141,0.95
112,-1,703,108,41,21,0.35
113,-1,298,360,281,142,0.96
113,-1,704,109,40,20,0.32
113,-1,674,106,42,23,0.32
114,-1,301,360,281,142,0.96
115,-1,303,360,278,141,0.95
115,-1,677,107,35,23,0.38
115,-1,705,108,37,22,0.37
116,-1,304,360,281,143,0.96
116,-1,675,107,39,22,0.40
116,-1,702,109,39,21,0.40
117,-1,307,362,281,139,0.95
117,-1,676,109,37,21,0.40
117,-1,701,109,39,22,0.38
118,-1,308,362,283,139,0.95
118,-1,675,108,40,22,0.42
118,-1,700,109,42,23,0.40
119,-1,311,360,283,143,0.96
119,-1,674,109,41,23,0.45
119,-1,700,109,41,25,0.40
120,-1,312,363,283,139,0.94
120,-1,673,110,42,22,0.50
120,-1,702,111,40,23,0.40
121,-1,316,362,285,139,0.94
121,-1,671,109,42,24,0.58
121,-1,700,110,42,24,0.52
122,-1,317,362,287,140,0.95
122,-1,671,108,45,25,0.58
122,-1,699,111,43,24,0.57
122,-1,870,135,50,29,0.35
122,-1,622,104,44,26,0.33
123,-1,318,362,288,140,0.93
123,-1,670,109,47,24,0.48
123,-1,700,110,43,24,0.39
123,-1,872,136,50,28,0.35
124,-1,322,360,286,143,0.92
124,-1,672,110,43,23,0.51
124,-1,701,112,42,23,0.47
124,-1,114,64,42,23,0.33
125,-1,323,360,285,142,0.92
125,-1,673,110,44,23,0.56
125,-1,699,111,42,24,0.49
125,-1,249,111,53,37,0.31
125,-1,112,65,42,23,0.31
126,-1,326,360,284,141,0.90
126,-1,672,110,45,24,0.54
126,-1,700,111,42,24,0.49
127,-1,329,360,283,140,0.90
127,-1,671,109,46,26,0.57
127,-1,701,111,42,24,0.43
127,-1,870,136,52,28,0.30
128,-1,335,360,279,141,0.87
128,-1,671,109,43,24,0.58
128,-1,701,111,41,23,0.53
128,-1,627,105,42,25,0.31
129,-1,340,359,277,140,0.86
129,-1,698,111,46,24,0.52
129,-1,668,108,47,25,0.51
130,-1,339,358,288,138,0.82
130,-1,700,108,45,27,0.48
130,-1,669,107,45,25,0.41
131,-1,340,358,291,136,0.87
131,-1,697,109,48,26,0.53
131,-1,669,108,42,24,0.37
131,-1,253,109,52,33,0.31
132,-1,343,358,290,133,0.89
132,-1,695,108,48,25,0.52
132,-1,670,106,46,25,0.38
132,-1,617,96,51,22,0.32
133,-1,343,358,293,132,0.91
133,-1,703,110,39,21,0.45
133,-1,248,107,60,36,0.37
134,-1,346,359,292,132,0.92
134,-1,701,109,43,23,0.44
134,-1,673,107,39,22,0.33
134,-1,617,96,50,22,0.31
135,-1,346,360,296,133,0.94
135,-1,698,110,45,25,0.50
135,-1,669,108,45,25,0.48
135,-1,246,109,60,34,0.36
136,-1,352,360,291,134,0.93
136,-1,697,109,48,26,0.54
136,-1,668,108,46,25,0.43
136,-1,241,108,65,34,0.35
136,-1,617,98,50,21,0.32
136,-1,621,103,52,27,0.31
137,-1,352,360,295,133,0.93
137,-1,246,109,61,35,0.51
137,-1,696,110,49,25,0.51
137,-1,667,107,49,27,0.47
138,-1,354,357,294,135,0.94
138,-1,696,109,49,26,0.47
138,-1,247,110,58,33,0.44
138,-1,669,108,46,25,0.41
138,-1,147,51,68,51,0.32
139,-1,353,359,299,132,0.95
139,-1,254,109,55,36,0.49
139,-1,700,111,44,24,0.34
139,-1,673,109,41,23,0.31
140,-1,356,360,298,130,0.92
140,-1,252,111,56,35,0.56
140,-1,696,110,51,25,0.45
140,-1,670,108,47,25,0.41
141,-1,360,357,295,134,0.94
141,-1,256,110,52,34,0.62
141,-1,699,111,47,24,0.40
141,-1,669,109,44,24,0.39
141,-1,148,50,68,53,0.32
142,-1,365,354,292,134,0.93
142,-1,696,109,48,26,0.52
142,-1,668,108,46,25,0.47
142,-1,250,108,59,35,0.42
142,-1,620,98,46,20,0.32
143,-1,365,353,292,134,0.93
143,-1,251,108,60,36,0.55
143,-1,697,109,48,25,0.46
143,-1,668,107,44,25,0.44
144,-1,368,356,288,130,0.91
144,-1,696,109,49,26,0.58
144,-1,667,107,47,26,0.52
144,-1,251,110,59,34,0.43
144,-1,618,102,55,28,0.34
144,-1,877,138,41,24,0.31
144,-1,614,97,54,22,0.31
145,-1,371,353,287,134,0.92
145,-1,253,111,55,32,0.51
145,-1,671,110,44,23,0.49
145,-1,697,111,48,24,0.48
145,-1,621,103,47,27,0.30
146,-1,375,355,285,132,0.91
146,-1,668,109,53,25,0.57
146,-1,251,111,58,32,0.57
146,-1,696,111,48,24,0.53
146,-1,616,97,45,20,0.32
146,-1,147,48,74,61,0.30
147,-1,379,354,285,134,0.91
147,-1,697,111,50,24,0.43
147,-1,252,108,55,34,0.41
147,-1,668,109,47,24,0.39
148,-1,378,355,288,131,0.90
148,-1,697,109,48,26,0.49
148,-1,669,108,46,25,0.46
148,-1,251,107,58,37,0.31
149,-1,381,355,287,129,0.90
149,-1,697,110,47,25,0.49
149,-1,667,108,45,24,0.47
149,-1,255,109,54,34,0.33
149,-1,150,48,77,63,0.31
150,-1,385,351,288,133,0.89
150,-1,701,109,43,24,0.52
150,-1,245,105,64,38,0.39
150,-1,675,108,39,22,0.34
150,-1,145,46,83,67,0.31
150,-1,618,97,50,21,0.30
151,-1,388,350,288,132,0.89
151,-1,699,109,46,24,0.52
151,-1,669,107,43,24,0.49
151,-1,247,105,62,39,0.31
151,-1,618,98,47,20,0.30
152,-1,393,349,285,133,0.84
152,-1,701,109,45,24,0.48
152,-1,250,106,60,38,0.40
152,-1,671,107,41,23,0.37
152,-1,616,97,54,22,0.35
153,-1,398,351,288,130,0.86
153,-1,704,110,41,21,0.46
153,-1,619,98,45,20,0.34
154,-1,403,352,291,128,0.87
154,-1,702,109,43,22,0.49
154,-1,243,105,69,43,0.38
154,-1,672,107,40,23,0.35
154,-1,617,97,49,22,0.32
155,-1,409,351,287,130,0.86
155,-1,702,110,41,22,0.46
155,-1,618,97,49,21,0.33
155,-1,143,49,84,60,0.33
155,-1,673,108,38,22,0.31
156,-1,409,350,289,131,0.88
156,-1,702,110,41,22,0.51
156,-1,673,108,37,22,0.37
157,-1,412,346,301,132,0.85
157,-1,698,109,47,24,0.47
157,-1,672,108,41,23,0.40
157,-1,139,48,86,64,0.33
158,-1,423,347,306,130,0.89
158,-1,700,110,42,23,0.49
158,-1,670,108,42,23,0.44
158,-1,135,49,90,63,0.31
159,-1,428,347,298,130,0.90
159,-1,702,110,42,23,0.48
159,-1,673,109,40,21,0.41
159,-1,134,48,91,64,0.35
160,-1,430,347,296,129,0.87
160,-1,703,110,40,22,0.57
160,-1,674,108,37,22,0.41
160,-1,145,49,89,80,0.32
160,-1,619,99,45,20,0.31
161,-1,427,347,305,128,0.90
161,-1,703,110,40,21,0.42
161,-1,675,108,35,22,0.36
161,-1,137,49,83,62,0.33
161,-1,618,98,47,21,0.32
161,-1,150,52,81,76,0.30
162,-1,429,345,304,130,0.90
162,-1,702,110,41,21,0.42
162,-1,136,49,84,62,0.35
162,-1,676,109,35,21,0.31
163,-1,437,346,301,128,0.91
163,-1,703,110,43,20,0.41
163,-1,134,47,94,65,0.34
163,-1,675,108,38,21,0.31
164,-1,442,341,298,131,0.93
164,-1,705,109,39,21,0.36
164,-1,136,48,93,65,0.35
165,-1,447,337,304,135,0.93
165,-1,703,109,41,22,0.38
165,-1,138,48,87,61,0.31
166,-1,453,341,301,132,0.92
166,-1,137,49,88,62,0.41
166,-1,703,110,44,21,0.37
167,-1,460,339,296,134,0.90
167,-1,134,48,87,62,0.40
167,-1,702,110,41,22,0.38
167,-1,675,108,38,23,0.33
168,-1,459,337,292,136,0.85
168,-1,700,109,43,23,0.43
168,-1,673,108,40,22,0.34
168,-1,617,97,50,22,0.33
168,-1,138,48,84,61,0.31
169,-1,468,334,291,139,0.84
169,-1,700,110,42,23,0.38
169,-1,137,49,79,58,0.32
169,-1,675,109,39,21,0.31
169,-1,619,98,43,19,0.31
170,-1,470,331,295,143,0.88
170,-1,699,109,45,24,0.46
170,-1,671,107,44,24,0.39
170,-1,132,48,91,60,0.38
170,-1,618,98,49,20,0.31
171,-1,473,336,294,138,0.85
171,-1,702,109,42,23,0.40
171,-1,135,47,86,64,0.33
171,-1,618,96,50,22,0.31
172,-1,478,338,285,136,0.77
172,-1,134,47,87,62,0.41
172,-1,700,109,44,23,0.39
172,-1,670,107,41,23,0.31
172,-1,617,97,51,22,0.30
173,-1,490,350,258,118,0.81
173,-1,700,109,43,24,0.50
173,-1,136,48,90,59,0.47
173,-1,674,108,40,22,0.37
173,-1,618,97,48,21,0.32
174,-1,490,352,261,114,0.84
174,-1,699,109,45,24,0.43
174,-1,137,49,82,59,0.38
174,-1,671,107,43,25,0.37
175,-1,500,350,251,119,0.83
175,-1,702,109,42,23,0.48
175,-1,136,47,82,61,0.38
175,-1,672,108,38,22,0.38
175,-1,702,322,81,131,0.36
175,-1,619,98,48,19,0.31
176,-1,496,351,272,113,0.88
176,-1,136,48,79,60,0.48
176,-1,673,109,38,23,0.38
176,-1,700,111,41,22,0.38
177,-1,496,354,274,109,0.90
177,-1,670,108,47,25,0.53
177,-1,698,110,44,24,0.48
177,-1,131,49,93,60,0.41
178,-1,505,358,269,106,0.88
178,-1,671,109,45,24,0.46
178,-1,699,110,45,24,0.45
178,-1,684,322,113,141,0.35
178,-1,134,49,87,61,0.34
179,-1,510,354,274,111,0.85
179,-1,671,109,50,25,0.58
179,-1,699,110,44,25,0.44
179,-1,132,48,98,61,0.37
180,-1,513,358,283,105,0.87
180,-1,673,110,42,24,0.48
180,-1,700,110,42,25,0.42
180,-1,328,136,37,30,0.39
180,-1,137,49,87,59,0.31
181,-1,524,352,295,116,0.79
181,-1,673,109,43,24,0.38
181,-1,331,138,35,29,0.34
181,-1,700,110,42,24,0.32
181,-1,137,49,83,59,0.30
182,-1,533,357,294,111,0.85
182,-1,671,110,45,23,0.51
182,-1,701,111,41,24,0.39
182,-1,136,49,88,58,0.31
182,-1,332,139,33,30,0.30
183,-1,541,339,301,135,0.88
183,-1,672,109,46,25,0.39
183,-1,701,109,43,25,0.31
184,-1,545,338,301,137,0.83
184,-1,670,109,48,25,0.51
184,-1,698,110,46,25,0.45
184,-1,612,96,52,22,0.34
184,-1,132,50,96,56,0.32
184,-1,621,103,50,27,0.30
185,-1,545,337,310,138,0.89
185,-1,697,110,48,26,0.46
185,-1,670,109,48,25,0.45
185,-1,135,49,92,58,0.36
185,-1,611,96,52,22,0.31
186,-1,550,338,312,138,0.88
186,-1,670,109,47,25,0.51
186,-1,697,110,48,25,0.44
186,-1,133,49,97,60,0.40
186,-1,616,97,45,20,0.31
187,-1,564,339,300,137,0.86
187,-1,669,110,46,24,0.55
187,-1,697,110,48,26,0.50
187,-1,620,104,49,27,0.34
188,-1,567,340,303,137,0.84
188,-1,669,109,54,26,0.48
188,-1,697,110,48,27,0.38
188,-1,612,96,50,22,0.32
189,-1,562,338,325,145,0.89
189,-1,669,109,49,26,0.50
189,-1,696,110,47,27,0.50
189,-1,132,48,92,62,0.44
189,-1,139,49,97,83,0.32
190,-1,559,338,347,146,0.91
190,-1,698,112,45,25,0.48
190,-1,671,110,47,24,0.46
190,-1,133,49,95,61,0.44
190,-1,611,95,51,22,0.32
191,-1,561,337,340,146,0.90
191,-1,671,111,47,26,0.49
191,-1,699,111,42,26,0.38
192,-1,574,341,331,148,0.88
192,-1,670,109,50,26,0.45
192,-1,700,111,45,25,0.40
193,-1,577,346,327,146,0.83
193,-1,672,109,48,26,0.56
193,-1,697,111,48,25,0.55
193,-1,136,49,94,58,0.34
194,-1,584,345,319,148,0.76
194,-1,699,111,44,24,0.47
194,-1,672,110,44,24,0.44
194,-1,349,143,45,33,0.34
195,-1,588,340,319,156,0.80
195,-1,675,110,47,24,0.45
195,-1,701,112,41,23,0.39
195,-1,133,48,97,60,0.33
196,-1,597,347,319,152,0.68
196,-1,672,110,45,25,0.47
196,-1,702,111,42,25,0.41
196,-1,136,49,89,60,0.32
197,-1,672,108,51,28,0.55
197,-1,611,344,313,155,0.52
197,-1,698,110,45,27,0.41
197,-1,137,50,91,57,0.32
198,-1,617,342,308,159,0.45
198,-1,673,110,49,26,0.44
198,-1,702,112,41,26,0.36
198,-1,133,49,98,58,0.36
199,-1,625,346,305,160,0.52
199,-1,674,111,49,26,0.43
199,-1,141,54,96,78,0.39
199,-1,138,54,86,46,0.37
199,-1,701,113,42,26,0.36
200,-1,631,352,304,168,0.57
200,-1,131,51,96,57,0.44
200,-1,675,112,46,25,0.34
200,-1,702,115,40,23,0.30
201,-1,640,337,298,190,0.49
201,-1,135,51,94,56,0.48
201,-1,671,111,49,26,0.42
201,-1,701,112,41,25,0.33
201,-1,869,138,51,27,0.30
201,-1,640,345,296,179,0.30
202,-1,643,350,297,173,0.52
202,-1,134,49,95,57,0.46
202,-1,668,109,51,26,0.38
202,-1,700,110,43,26,0.31
203,-1,648,354,292,171,0.51
203,-1,136,50,92,54,0.46
203,-1,671,110,44,25,0.35
203,-1,701,111,42,25,0.34
203,-1,648,354,292,171,0.32
204,-1,644,345,302,185,0.62
204,-1,134,50,93,54,0.49
204,-1,698,111,47,26,0.45
204,-1,666,110,51,25,0.45
204,-1,139,53,97,76,0.32
205,-1,135,50,93,53,0.57
205,-1,656,342,288,188,0.57
205,-1,700,111,46,25,0.39
205,-1,672,110,43,24,0.38
206,-1,660,335,287,196,0.51
206,-1,669,108,50,28,0.50
206,-1,699,111,44,26,0.49
206,-1,132,49,95,56,0.41
206,-1,618,102,53,29,0.32
206,-1,140,53,94,76,0.31
206,-1,612,96,52,22,0.31
207,-1,668,338,273,191,0.56
207,-1,671,110,48,25,0.34
207,-1,131,49,98,55,0.34
207,-1,702,112,42,25,0.31
208,-1,667,109,55,27,0.41
208,-1,130,50,100,54,0.32
208,-1,700,110,44,27,0.32
209,-1,670,109,51,27,0.37
209,-1,700,112,43,26,0.34
209,-1,132,51,91,51,0.32
210,-1,389,160,65,40,0.43
210,-1,691,315,259,213,0.40
210,-1,671,110,52,26,0.31
210,-1,139,53,83,47,0.31
211,-1,672,110,46,25,0.38
211,-1,135,51,103,81,0.35
211,-1,387,160,70,40,0.31
211,-1,702,112,40,25,0.30
212,-1,671,108,47,26,0.48
212,-1,704,306,249,231,0.46
212,-1,700,109,42,25,0.39
212,-1,134,48,95,62,0.33
212,-1,613,96,50,22,0.30
213,-1,673,109,48,26,0.59
213,-1,700,110,43,25,0.50
213,-1,394,162,69,37,0.49
213,-1,137,50,100,83,0.33
213,-1,622,104,47,26,0.33
213,-1,613,97,51,22,0.32
214,-1,674,110,47,25,0.45
214,-1,715,304,241,233,0.43
214,-1,397,163,65,42,0.37
214,-1,134,49,97,58,0.33
214,-1,701,110,42,26,0.33
215,-1,673,112,50,23,0.38
215,-1,394,164,73,42,0.35
215,-1,715,307,239,230,0.33
216,-1,394,164,72,45,0.38
216,-1,673,112,52,24,0.35
216,-1,137,53,100,82,0.32
216,-1,131,50,100,53,0.30
217,-1,396,164,74,46,0.43
217,-1,720,304,234,234,0.37
217,-1,139,53,97,79,0.37
217,-1,671,111,49,24,0.35
218,-1,672,113,51,24,0.51
218,-1,865,139,58,27,0.45
218,-1,140,53,95,79,0.44
218,-1,394,164,81,51,0.39
218,-1,699,116,43,22,0.38
218,-1,426,220,72,43,0.30
219,-1,672,112,50,25,0.42
219,-1,869,138,54,29,0.38
219,-1,139,52,97,82,0.37
219,-1,699,115,43,23,0.33
219,-1,402,166,76,51,0.30
220,-1,675,114,48,24,0.43
220,-1,142,54,89,80,0.31
220,-1,716,307,241,232,0.30
220,-1,867,138,58,30,0.30
221,-1,672,113,50,24,0.49
221,-1,140,54,95,79,0.35
221,-1,403,169,80,48,0.33
221,-1,138,51,88,51,0.31
222,-1,673,112,50,25,0.43
222,-1,142,52,93,84,0.39
222,-1,700,114,42,24,0.33
223,-1,142,53,91,81,0.45
223,-1,674,112,49,24,0.39
224,-1,674,114,44,23,0.39
224,-1,754,396,201,142,0.38
224,-1,866,139,57,28,0.33
224,-1,702,118,41,21,0.31
225,-1,766,400,190,137,0.43
225,-1,426,177,78,52,0.40
225,-1,675,117,40,20,0.31
226,-1,427,178,82,52,0.45
226,-1,767,395,183,143,0.31
226,-1,676,117,38,20,0.30
227,-1,426,178,88,52,0.58
227,-1,672,116,46,21,0.35
228,-1,430,178,90,56,0.69
228,-1,791,401,159,137,0.46
228,-1,673,116,44,21,0.35
229,-1,433,180,91,55,0.76
229,-1,797,400,155,139,0.51
229,-1,675,114,41,22,0.31
230,-1,436,181,91,57,0.73
230,-1,807,393,147,145,0.57
231,-1,433,180,98,62,0.58
231,-1,814,394,141,145,0.55
232,-1,438,182,100,60,0.59
232,-1,816,393,139,146,0.36
232,-1,674,116,39,21,0.32
233,-1,440,182,101,61,0.65
233,-1,821,385,133,152,0.38
234,-1,831,382,125,157,0.58
234,-1,441,180,106,66,0.52
234,-1,671,114,47,23,0.47
234,-1,699,116,45,23,0.40
234,-1,858,134,76,35,0.39
234,-1,468,192,89,52,0.32
235,-1,839,377,119,162,0.50
235,-1,463,187,100,61,0.46
235,-1,669,112,54,24,0.39
236,-1,459,185,107,65,0.48
236,-1,850,384,110,155,0.43
236,-1,674,113,44,23,0.43
236,-1,701,116,42,22,0.40
237,-1,467,187,101,65,0.55
237,-1,672,112,48,24,0.48
238,-1,473,190,104,65,0.58
238,-1,672,113,49,24,0.45
238,-1,242,109,48,39,0.33
238,-1,700,115,43,24,0.32
239,-1,475,191,106,66,0.47
239,-1,672,112,49,25,0.43
239,-1,47,187,63,53,0.31
239,-1,213,58,35,29,0.30
240,-1,669,111,52,26,0.47
240,-1,476,192,108,63,0.46
240,-1,701,113,42,25,0.36
240,-1,868,136,54,29,0.31
240,-1,239,108,51,47,0.31
241,-1,241,110,49,40,0.42
241,-1,479,195,115,65,0.42
241,-1,666,109,57,28,0.35
242,-1,670,109,49,27,0.42
242,-1,697,111,46,26,0.41
242,-1,46,184,70,56,0.36
243,-1,513,207,103,55,0.39
244,-1,509,205,108,60,0.49
244,-1,606,94,59,25,0.34
244,-1,700,111,45,26,0.30
245,-1,513,207,109,60,0.75
245,-1,608,93,60,25,0.36
246,-1,518,209,109,61,0.72
247,-1,521,208,114,65,0.64
248,-1,526,209,115,68,0.51
249,-1,530,212,121,66,0.46
249,-1,144,54,71,42,0.34
249,-1,241,111,55,35,0.32
250,-1,532,212,127,73,0.42
250,-1,141,54,72,40,0.34
251,-1,548,218,131,65,0.41
251,-1,141,55,69,41,0.31
253,-1,565,230,120,59,0.36
253,-1,143,56,63,37,0.31
253,-1,868,137,56,28,0.31
254,-1,556,216,141,86,0.39
254,-1,251,112,46,33,0.33
254,-1,139,55,72,39,0.30
255,-1,560,221,147,84,0.49
255,-1,143,57,68,35,0.33
256,-1,561,226,167,82,0.45
256,-1,142,56,77,36,0.31
256,-1,257,113,39,32,0.30
257,-1,568,229,171,82,0.46
257,-1,143,55,71,39,0.36
257,-1,621,242,102,60,0.32
257,-1,865,139,59,27,0.31
258,-1,577,232,172,81,0.41
258,-1,869,140,53,26,0.34
258,-1,254,114,41,32,0.30
258,-1,143,56,70,36,0.30
259,-1,585,236,174,82,0.73
259,-1,701,116,42,23,0.33
259,-1,871,139,52,27,0.31
259,-1,147,57,61,34,0.31
260,-1,596,237,173,81,0.67
260,-1,254,115,42,32,0.32
261,-1,603,238,168,82,0.65
262,-1,615,236,157,93,0.43
262,-1,255,115,44,31,0.36
262,-1,868,138,57,28,0.36
263,-1,615,237,179,110,0.40
263,-1,254,116,44,31,0.34
263,-1,869,140,54,26,0.33
264,-1,632,248,180,93,0.59
264,-1,252,117,46,31,0.35
264,-1,869,139,54,28,0.32
265,-1,642,251,175,93,0.65
265,-1,249,118,49,28,0.39
265,-1,743,296,68,40,0.36
266,-1,650,254,178,92,0.65
266,-1,251,119,46,28,0.42
266,-1,865,138,61,30,0.31
267,-1,662,257,184,94,0.68
267,-1,255,118,45,29,0.42
268,-1,657,261,196,100,0.61
268,-1,252,118,46,30,0.51
269,-1,677,262,204,103,0.82
269,-1,255,117,43,31,0.37
270,-1,696,264,193,105,0.86
270,-1,252,118,46,30,0.48
271,-1,703,266,203,109,0.90
271,-1,253,118,47,31,0.48
272,-1,708,274,219,106,0.74
272,-1,247,119,54,29,0.50
272,-1,870,144,48,22,0.32
273,-1,727,279,223,111,0.62
273,-1,250,117,52,34,0.48
274,-1,738,284,190,110,0.56
274,-1,251,118,51,32,0.51
274,-1,674,118,40,20,0.30
275,-1,251,116,54,34,0.65
275,-1,745,287,191,115,0.41
275,-1,736,287,224,239,0.35
275,-1,871,142,47,25,0.32
275,-1,676,118,37,20,0.30
276,-1,253,118,54,33,0.64
276,-1,756,287,193,115,0.48
276,-1,674,116,40,22,0.31
277,-1,255,116,50,36,0.58
277,-1,776,289,173,113,0.46
278,-1,246,117,60,36,0.52
278,-1,794,291,162,109,0.37
279,-1,253,117,54,36,0.54
279,-1,811,294,146,112,0.40
280,-1,252,119,55,33,0.61
280,-1,673,117,43,20,0.30
281,-1,248,118,61,36,0.66
281,-1,50,190,54,48,0.34
282,-1,245,118,62,37,0.51
282,-1,52,189,55,48,0.31
283,-1,251,117,58,39,0.54
284,-1,242,116,65,40,0.34
285,-1,241,117,65,40,0.39
286,-1,240,117,65,40,0.40
287,-1,237,118,68,37,0.33
288,-1,55,191,49,48,0.36
288,-1,236,118,68,36,0.35
289,-1,52,192,50,50,0.38
289,-1,238,116,66,39,0.31
290,-1,862,139,62,29,0.32
290,-1,236,117,67,39,0.31
291,-1,237,117,67,39,0.33
292,-1,234,116,72,42,0.33
298,-1,673,117,41,23,0.34
299,-1,676,119,37,19,0.30
300,-1,674,118,40,20,0.35
301,-1,675,117,42,21,0.34
301,-1,51,190,53,48,0.31
302,-1,48,189,55,50,0.38
302,-1,675,119,40,19,0.32
303,-1,674,120,40,19,0.34
304,-1,672,120,45,20,0.41
305,-1,674,120,42,20,0.30
306,-1,673,121,40,19,0.39
306,-1,58,196,39,39,0.32
307,-1,676,120,41,20,0.37
308,-1,675,118,43,20,0.41
309,-1,676,117,47,22,0.45
310,-1,673,115,49,22,0.37
311,-1,675,117,41,21,0.42
312,-1,672,116,48,23,0.53
312,-1,700,121,41,22,0.34
312,-1,620,109,39,24,0.31
313,-1,671,117,46,21,0.38
313,-1,53,193,42,44,0.30
313,-1,154,59,74,78,0.30
314,-1,674,118,43,21,0.35
314,-1,54,195,41,42,0.30
315,-1,675,119,42,21,0.51
316,-1,677,118,40,22,0.43
316,-1,321,143,35,36,0.32
317,-1,671,116,48,23,0.46
317,-1,872,146,45,22,0.34
317,-1,700,120,43,21,0.31
318,-1,672,118,46,21,0.47
319,-1,674,119,43,20,0.40
320,-1,672,119,49,21,0.47
321,-1,673,119,50,22,0.42
322,-1,671,119,50,21,0.39
323,-1,671,118,48,22,0.41
323,-1,60,195,36,42,0.33
324,-1,673,119,43,20,0.38
325,-1,673,119,46,20,0.47
326,-1,673,117,47,22,0.54
326,-1,53,195,46,43,0.40
326,-1,151,56,82,85,0.33
326,-1,618,108,41,25,0.32
326,-1,701,122,40,20,0.31
328,-1,671,120,48,20,0.44
329,-1,154,55,80,86,0.31
330,-1,50,192,47,47,0.31
331,-1,671,118,43,20,0.31
333,-1,672,120,46,19,0.33
334,-1,673,120,43,19,0.31
335,-1,147,53,90,88,0.32
336,-1,675,117,40,20,0.31
338,-1,335,155,65,47,0.30
342,-1,146,53,93,86,0.33
343,-1,341,158,67,40,0.33
345,-1,150,54,89,86,0.34
346,-1,53,193,47,46,0.31
347,-1,675,117,40,19,0.32
348,-1,675,116,42,21,0.31
349,-1,678,118,38,19,0.31
350,-1,676,119,42,20,0.36
350,-1,151,57,84,86,0.33
351,-1,673,120,42,18,0.37
351,-1,154,58,79,81,0.36
352,-1,673,120,43,20,0.38
352,-1,352,165,67,49,0.32
352,-1,156,59,77,77,0.32
353,-1,672,119,46,21,0.38
353,-1,156,59,76,79,0.35
354,-1,676,120,38,19,0.35
354,-1,355,166,69,47,0.32
355,-1,674,121,42,19,0.38
355,-1,145,55,96,82,0.37
356,-1,673,122,45,19,0.43
356,-1,143,57,96,82,0.38
357,-1,55,194,48,46,0.38
357,-1,672,122,43,19,0.35
358,-1,674,119,41,19,0.40
359,-1,674,120,45,20,0.39
360,-1,670,119,50,21,0.44
361,-1,675,121,43,21,0.46
362,-1,671,119,52,23,0.50
362,-1,374,178,68,58,0.36
363,-1,378,177,65,59,0.43
363,-1,673,120,45,19,0.42
363,-1,151,58,84,79,0.32
364,-1,375,176,74,66,0.51
364,-1,672,119,48,21,0.50
364,-1,153,60,83,75,0.33
365,-1,373,176,78,65,0.59
365,-1,673,119,49,22,0.38
365,-1,153,62,81,73,0.31
366,-1,376,176,76,65,0.61
366,-1,672,119,46,20,0.40
366,-1,151,59,83,78,0.34
367,-1,378,175,76,67,0.56
367,-1,673,118,44,21,0.43
367,-1,153,58,81,77,0.37
368,-1,379,175,77,64,0.59
368,-1,673,118,46,21,0.42
368,-1,152,58,80,79,0.35
369,-1,377,175,84,64,0.58
369,-1,675,119,42,20,0.36
369,-1,148,59,87,77,0.34
370,-1,380,179,81,58,0.62
370,-1,673,120,46,20,0.49
370,-1,153,58,76,74,0.31
371,-1,382,179,80,64,0.41
371,-1,674,119,40,19,0.36
371,-1,153,58,79,76,0.31
372,-1,382,179,80,62,0.50
372,-1,674,119,45,21,0.44
372,-1,58,194,36,42,0.35
373,-1,381,179,83,61,0.58
373,-1,676,119,43,20,0.43
373,-1,54,193,44,43,0.38
374,-1,380,180,86,63,0.55
374,-1,675,120,42,20,0.47
374,-1,868,139,49,29,0.32
375,-1,380,181,85,65,0.43
375,-1,677,120,43,19,0.37
375,-1,868,139,51,30,0.31
376,-1,380,181,87,69,0.50
376,-1,674,121,47,18,0.42
376,-1,53,193,51,46,0.30
377,-1,382,182,87,64,0.43
377,-1,674,119,47,21,0.42
378,-1,674,120,45,20,0.54
378,-1,388,186,82,59,0.48
379,-1,674,119,46,21,0.46
379,-1,387,187,86,62,0.36
380,-1,677,120,44,22,0.53
380,-1,387,188,90,61,0.43
380,-1,707,128,38,20,0.34
381,-1,679,121,41,21,0.43
381,-1,387,189,89,62,0.37
382,-1,677,120,44,23,0.50
382,-1,388,190,90,62,0.37
383,-1,676,122,47,23,0.42
384,-1,678,123,43,23,0.46
384,-1,388,193,100,69,0.33
385,-1,676,122,44,25,0.53
385,-1,387,194,101,70,0.31
386,-1,679,123,40,23,0.48
386,-1,56,195,45,43,0.41
386,-1,391,195,99,68,0.32
387,-1,680,122,39,24,0.37
387,-1,390,196,102,67,0.33
388,-1,391,197,104,66,0.43
388,-1,684,123,34,23,0.38
389,-1,393,197,104,67,0.39
389,-1,684,123,36,23,0.38
390,-1,391,197,108,67,0.45
390,-1,682,123,36,23,0.36
391,-1,392,199,106,66,0.42
391,-1,53,195,51,44,0.33
392,-1,59,196,40,42,0.47
392,-1,390,197,111,70,0.35
392,-1,685,124,31,21,0.34
393,-1,679,123,39,22,0.37
393,-1,408,204,101,69,0.32
394,-1,677,122,41,22,0.40
394,-1,410,204,101,65,0.36
394,-1,52,193,52,44,0.35
395,-1,677,123,43,20,0.39
395,-1,409,203,103,71,0.37
395,-1,144,57,75,33,0.33
395,-1,148,61,87,76,0.32
395,-1,59,195,42,43,0.31
396,-1,411,204,100,69,0.40
396,-1,675,122,42,20,0.38
396,-1,146,61,88,72,0.34
396,-1,54,196,46,42,0.32
397,-1,411,205,100,71,0.46
397,-1,677,123,42,21,0.39
397,-1,150,61,82,75,0.32
398,-1,413,205,98,73,0.56
398,-1,677,122,41,22,0.37
398,-1,147,57,73,33,0.30
399,-1,414,208,99,70,0.45
399,-1,676,122,44,22,0.41
400,-1,414,209,100,70,0.60
400,-1,672,121,46,22,0.36
400,-1,57,197,41,37,0.32
401,-1,418,212,98,67,0.59
401,-1,672,121,48,22,0.41
402,-1,420,210,97,72,0.52
402,-1,671,122,45,21,0.33
402,-1,50,194,52,45,0.32
403,-1,422,211,98,74,0.65
403,-1,671,119,46,22,0.38
404,-1,425,213,97,71,0.58
404,-1,673,121,46,20,0.44
405,-1,423,215,100,73,0.45
405,-1,671,121,42,21,0.38
406,-1,422,219,107,76,0.42
406,-1,675,123,42,20,0.37
406,-1,144,57,72,31,0.33
407,-1,424,218,107,79,0.49
407,-1,670,121,48,22,0.37
408,-1,673,121,47,21,0.39
408,-1,425,219,108,81,0.35
409,-1,426,218,109,82,0.43
409,-1,673,120,48,22,0.39
410,-1,427,219,107,80,0.42
410,-1,673,120,51,21,0.33
411,-1,428,218,110,84,0.46
411,-1,674,120,50,20,0.41
411,-1,809,191,133,52,0.32
412,-1,430,221,109,82,0.43
412,-1,782,190,127,49,0.42
412,-1,676,120,46,22,0.37
413,-1,781,188,118,45,0.61
413,-1,867,193,57,43,0.56
413,-1,432,221,109,82,0.43
414,-1,772,186,117,45,0.63
414,-1,855,192,55,40,0.59
414,-1,435,225,107,82,0.42
414,-1,146,58,75,30,0.39
415,-1,839,192,59,37,0.62
415,-1,786,185,108,43,0.39
415,-1,437,226,107,84,0.39
415,-1,753,186,94,43,0.33
415,-1,149,59,68,28,0.32
416,-1,811,185,69,41,0.64
416,-1,150,58,69,31,0.41
416,-1,739,181,115,43,0.35
416,-1,441,229,104,82,0.35
416,-1,676,123,41,18,0.33
417,-1,808,186,59,37,0.75
417,-1,736,178,117,44,0.43
417,-1,677,122,40,18,0.36
417,-1,148,57,71,31,0.30
418,-1,796,183,59,38,0.60
418,-1,728,172,116,43,0.48
418,-1,148,58,67,31,0.38
418,-1,679,121,42,19,0.32
418,-1,444,231,102,82,0.32
419,-1,738,174,94,38,0.44
419,-1,138,56,82,35,0.35
419,-1,715,174,58,33,0.32
419,-1,801,179,39,29,0.32
419,-1,442,233,104,82,0.30
420,-1,738,171,89,40,0.47
420,-1,701,169,92,39,0.42
420,-1,147,57,69,31,0.35
421,-1,689,167,102,43,0.62
421,-1,757,174,53,37,0.41
421,-1,140,55,83,34,0.37
422,-1,685,164,107,45,0.67
422,-1,747,172,55,38,0.31
423,-1,685,163,97,45,0.73
423,-1,143,56,73,31,0.34
424,-1,681,161,93,46,0.75
424,-1,870,148,48,23,0.39
425,-1,687,161,77,43,0.48
425,-1,666,161,69,37,0.37
426,-1,657,159,78,42,0.77
426,-1,697,161,56,41,0.45
427,-1,647,158,91,41,0.73
427,-1,689,160,57,36,0.37
428,-1,640,158,90,39,0.71
428,-1,60,197,40,41,0.41
429,-1,639,157,70,39,0.59
430,-1,646,158,63,36,0.48
430,-1,63,198,37,38,0.34
431,-1,646,157,58,35,0.46
431,-1,869,147,48,23,0.33
431,-1,623,152,51,23,0.33
431,-1,678,123,43,20,0.31
432,-1,612,146,72,34,0.45
432,-1,150,60,83,79,0.36
432,-1,702,127,38,19,0.35
432,-1,680,122,43,21,0.33
433,-1,605,146,77,36,0.47
433,-1,147,61,90,78,0.34
434,-1,598,145,83,36,0.57
434,-1,675,119,49,22,0.30
435,-1,599,144,73,35,0.61
435,-1,675,120,42,21,0.37
435,-1,702,125,40,20,0.30
436,-1,593,145,66,35,0.71
436,-1,675,122,41,19,0.33
436,-1,705,127,39,18,0.31
437,-1,590,145,63,34,0.61
437,-1,675,122,43,20,0.37
438,-1,584,143,62,36,0.69
438,-1,676,124,42,20,0.45
438,-1,704,127,37,18,0.31
439,-1,675,122,44,22,0.43
439,-1,584,144,54,34,0.41
439,-1,568,141,60,32,0.35
439,-1,146,60,90,76,0.34
440,-1,564,139,64,34,0.47
440,-1,676,123,42,21,0.41
440,-1,141,58,97,81,0.34
441,-1,563,139,61,35,0.66
441,-1,675,122,44,21,0.51
441,-1,148,60,86,79,0.36
442,-1,674,119,45,25,0.62
442,-1,554,136,67,39,0.57
442,-1,703,126,40,20,0.35
442,-1,150,60,83,77,0.32
443,-1,544,134,72,40,0.62
443,-1,676,120,44,23,0.60
443,-1,704,127,39,19,0.35
443,-1,147,62,87,78,0.31
444,-1,676,121,41,22,0.58
444,-1,539,133,73,39,0.52
444,-1,702,127,41,20,0.35
444,-1,623,112,35,24,0.35
444,-1,216,106,43,47,0.31
444,-1,143,60,93,80,0.31
445,-1,676,119,44,24,0.62
445,-1,536,131,68,39,0.56
445,-1,622,109,35,26,0.34
445,-1,704,127,40,20,0.31
446,-1,676,121,43,22,0.62
446,-1,532,130,69,38,0.44
446,-1,150,61,80,77,0.34
446,-1,623,113,36,23,0.33
446,-1,703,127,40,20,0.32
447,-1,676,122,44,21,0.55
447,-1,149,62,83,77,0.33
447,-1,515,118,61,26,0.32
447,-1,625,115,33,20,0.31
448,-1,677,121,44,22,0.65
448,-1,517,119,57,26,0.44
448,-1,520,128,59,38,0.38
448,-1,704,128,40,19,0.37
448,-1,625,114,33,21,0.34
448,-1,146,61,88,77,0.33
449,-1,674,120,44,21,0.53
449,-1,515,128,58,36,0.47
449,-1,514,122,58,30,0.39
449,-1,144,60,90,78,0.36
449,-1,704,126,40,20,0.31
450,-1,511,126,61,39,0.54
450,-1,673,119,43,21,0.48
450,-1,510,119,62,34,0.44
450,-1,150,61,81,76,0.39
450,-1,705,126,41,20,0.31
451,-1,674,121,44,20,0.52
451,-1,507,121,60,31,0.42
451,-1,148,59,86,75,0.41
451,-1,708,127,39,18,0.31
452,-1,675,120,43,21,0.52
452,-1,501,119,61,35,0.44
452,-1,144,60,90,77,0.34
452,-1,708,127,40,19,0.32
452,-1,627,111,34,22,0.30
453,-1,675,122,42,22,0.44
453,-1,495,120,60,35,0.33
453,-1,147,60,87,82,0.31
454,-1,677,124,39,19,0.47
454,-1,625,111,33,24,0.34
454,-1,496,121,58,33,0.34
454,-1,66,198,35,36,0.31
455,-1,490,120,60,32,0.57
455,-1,673,122,44,21,0.48
455,-1,147,61,87,78,0.33
455,-1,623,110,35,25,0.32
455,-1,706,127,40,20,0.30
456,-1,486,119,59,33,0.61
456,-1,672,121,46,22,0.45
456,-1,621,110,36,25,0.33
456,-1,141,59,95,81,0.30
457,-1,482,119,61,32,0.66
457,-1,672,122,46,20,0.46
457,-1,141,58,95,78,0.31
458,-1,484,119,58,31,0.52
458,-1,671,123,43,20,0.42
458,-1,477,123,44,28,0.36
458,-1,142,58,92,83,0.34
458,-1,61,198,38,37,0.33
459,-1,470,122,54,28,0.49
459,-1,673,123,42,20,0.45
459,-1,482,118,61,28,0.40
459,-1,142,61,92,81,0.34
459,-1,64,199,36,35,0.33
459,-1,624,112,33,22,0.32
459,-1,705,128,39,20,0.30
460,-1,465,121,54,31,0.59
460,-1,673,124,43,20,0.43
460,-1,617,111,38,25,0.35
460,-1,708,128,39,19,0.31
461,-1,466,122,47,29,0.49
461,-1,146,60,86,78,0.48
461,-1,676,124,40,19,0.39
462,-1,459,120,53,30,0.57
462,-1,678,123,39,20,0.40
462,-1,142,57,92,81,0.39
462,-1,61,197,38,40,0.33
463,-1,455,121,51,28,0.67
463,-1,673,122,47,21,0.48
463,-1,619,110,37,25,0.34
463,-1,141,59,92,77,0.32
463,-1,62,197,36,40,0.31
463,-1,705,127,40,20,0.31
464,-1,452,121,51,27,0.73
464,-1,137,60,98,76,0.48
464,-1,675,124,42,20,0.39
464,-1,63,197,35,40,0.36
464,-1,621,112,35,24,0.33
464,-1,707,128,39,20,0.32
465,-1,449,120,47,27,0.77
465,-1,138,60,96,76,0.48
465,-1,673,123,47,20,0.41
465,-1,65,202,31,31,0.31
465,-1,866,148,51,25,0.31
466,-1,448,120,42,24,0.76
466,-1,136,56,99,74,0.50
466,-1,674,122,48,22,0.46
466,-1,618,110,39,25,0.33
466,-1,703,126,42,21,0.31
467,-1,442,118,49,26,0.74
467,-1,138,58,94,77,0.44
467,-1,673,121,49,22,0.44
467,-1,614,108,46,28,0.41
467,-1,700,125,45,22,0.38
467,-1,235,114,52,38,0.32
468,-1,440,118,46,27,0.77
468,-1,678,123,37,21,0.43
468,-1,134,54,100,81,0.42
468,-1,705,127,39,21,0.36
468,-1,622,110,34,25,0.36
469,-1,437,117,46,26,0.61
469,-1,428,116,41,25,0.44
469,-1,679,124,35,20,0.37
469,-1,624,113,32,23,0.31
470,-1,426,116,46,27,0.67
470,-1,680,125,38,20,0.41
470,-1,621,113,34,23,0.33
470,-1,139,62,91,77,0.33
470,-1,703,129,38,20,0.33
470,-1,66,198,35,38,0.31
471,-1,427,116,43,27,0.63
471,-1,679,125,37,19,0.41
471,-1,438,115,45,27,0.39
471,-1,701,128,39,20,0.33
471,-1,624,116,30,19,0.32
472,-1,425,115,43,27,0.57
472,-1,677,125,40,19,0.48
472,-1,617,111,38,25,0.39
472,-1,702,129,40,19,0.31
473,-1,424,117,40,26,0.62
473,-1,682,126,35,19,0.38
473,-1,621,112,34,23,0.31
473,-1,65,199,34,39,0.31
474,-1,423,117,41,26,0.67
474,-1,677,125,43,21,0.49
474,-1,618,112,38,23,0.40
474,-1,67,203,33,30,0.38
474,-1,700,128,39,20,0.32
475,-1,419,117,43,25,0.64
475,-1,677,126,42,20,0.56
475,-1,616,112,39,24,0.43
475,-1,702,128,37,20,0.35
476,-1,418,116,41,25,0.71
476,-1,680,125,39,20,0.46
476,-1,618,113,38,23,0.36
476,-1,145,65,85,73,0.31
477,-1,413,116,40,23,0.71
477,-1,680,126,39,19,0.46
477,-1,619,113,37,22,0.35
477,-1,65,199,34,37,0.31
478,-1,414,115,41,25,0.61
478,-1,681,125,33,19,0.44
478,-1,621,111,32,24,0.34
479,-1,411,115,42,22,0.64
479,-1,682,125,37,20,0.45
479,-1,620,112,36,24,0.33
480,-1,416,353,147,175,0.48
480,-1,681,125,35,20,0.40
480,-1,409,114,35,23,0.36
480,-1,621,111,35,24,0.34
481,-1,415,359,152,174,0.70
481,-1,408,114,36,22,0.41
481,-1,683,126,32,18,0.34
481,-1,253,128,52,47,0.33
481,-1,69,200,31,34,0.31
482,-1,679,124,37,21,0.51
482,-1,405,113,35,23,0.45
482,-1,621,112,34,23,0.38
482,-1,415,357,151,178,0.31
482,-1,707,129,35,20,0.30
483,-1,417,362,150,172,0.58
483,-1,679,124,39,21,0.43
483,-1,259,129,46,46,0.42
483,-1,404,112,35,25,0.37
484,-1,415,366,152,165,0.69
484,-1,679,124,43,21,0.48
484,-1,255,129,49,44,0.45
484,-1,400,113,36,25,0.32
484,-1,617,111,37,24,0.32
485,-1,253,128,52,44,0.51
485,-1,413,368,156,163,0.49
485,-1,678,125,44,21,0.47
485,-1,614,110,41,26,0.40
486,-1,254,127,52,48,0.57
486,-1,679,125,43,22,0.46
486,-1,616,113,37,23,0.36
487,-1,255,127,51,47,0.58
487,-1,677,124,42,22,0.44
487,-1,142,63,91,74,0.40
487,-1,615,109,42,26,0.38
487,-1,414,373,164,161,0.33
488,-1,256,127,50,47,0.54
488,-1,680,125,39,20,0.42
488,-1,616,110,41,25,0.40
488,-1,141,64,91,78,0.35
489,-1,257,127,49,45,0.51
489,-1,681,126,37,20,0.39
489,-1,142,62,91,79,0.35
489,-1,250,119,48,34,0.32
490,-1,256,127,50,45,0.48
490,-1,679,125,39,20,0.42
490,-1,615,111,40,25,0.41
490,-1,135,60,98,79,0.37
491,-1,260,129,46,40,0.56
491,-1,677,124,41,20,0.44
491,-1,615,111,41,24,0.38
491,-1,142,63,90,75,0.36
491,-1,253,120,45,32,0.31
492,-1,260,128,46,42,0.59
492,-1,679,125,40,20,0.44
492,-1,619,111,34,23,0.35
492,-1,251,120,45,32,0.34
492,-1,143,63,87,79,0.32
493,-1,261,127,45,45,0.63
493,-1,681,125,36,19,0.36
493,-1,61,197,35,41,0.33
493,-1,621,112,32,22,0.30
494,-1,259,127,47,45,0.56
494,-1,677,123,44,22,0.40
494,-1,65,201,34,35,0.32
495,-1,262,128,44,41,0.56
495,-1,674,124,47,22,0.49
495,-1,612,109,43,27,0.42
495,-1,142,62,88,74,0.34
495,-1,58,201,37,38,0.31
496,-1,259,128,47,46,0.60
496,-1,674,124,46,21,0.42
496,-1,613,109,41,26,0.34
496,-1,64,202,34,34,0.30
497,-1,260,128,47,43,0.67
497,-1,674,123,47,21,0.50
497,-1,58,199,41,40,0.37
497,-1,616,110,40,25,0.33
497,-1,144,62,86,78,0.33
498,-1,262,128,46,42,0.57
498,-1,676,124,44,20,0.41
498,-1,141,61,91,76,0.34
499,-1,263,128,45,41,0.58
499,-1,139,58,95,84,0.46
499,-1,677,123,40,21,0.36
500,-1,262,130,46,38,0.56
500,-1,675,123,46,22,0.50
500,-1,616,108,39,26,0.36
500,-1,143,61,88,80,0.31
501,-1,678,122,43,24,0.49
501,-1,257,130,49,39,0.48
501,-1,613,107,39,28,0.42
501,-1,140,63,93,79,0.37
502,-1,675,122,46,22,0.41
502,-1,253,130,52,38,0.35
502,-1,143,63,89,79,0.34
503,-1,673,121,45,24,0.49
503,-1,255,130,50,37,0.42
503,-1,615,108,39,28,0.38
503,-1,57,196,46,44,0.37
503,-1,348,100,38,19,0.31
503,-1,143,61,87,79,0.31
504,-1,141,61,93,81,0.34
504,-1,680,122,38,22,0.33
505,-1,252,129,49,39,0.44
505,-1,52,194,49,47,0.39
505,-1,676,122,43,21,0.38
505,-1,347,99,38,20,0.32
506,-1,246,127,56,41,0.45
506,-1,683,122,35,21,0.35
506,-1,59,196,41,45,0.34
507,-1,680,123,38,20,0.41
507,-1,250,127,53,41,0.41
507,-1,146,63,86,77,0.33
507,-1,54,196,48,45,0.31
507,-1,347,98,37,20,0.31
508,-1,677,123,41,22,0.47
508,-1,251,126,54,44,0.39
508,-1,617,109,37,26,0.36
508,-1,146,62,86,75,0.31
509,-1,251,127,56,43,0.45
509,-1,144,60,87,79,0.41
509,-1,678,123,39,20,0.37
510,-1,251,127,58,44,0.56
510,-1,143,60,90,78,0.40
510,-1,679,122,41,22,0.38
510,-1,57,194,43,46,0.32
511,-1,254,127,56,44,0.56
511,-1,144,60,87,80,0.36
511,-1,684,124,33,21,0.33
512,-1,150,63,78,76,0.34
512,-1,267,128,44,39,0.32
512,-1,683,124,33,20,0.31
513,-1,138,58,95,84,0.45
513,-1,265,128,46,38,0.40
513,-1,680,120,38,22,0.31
514,-1,142,60,89,82,0.39
514,-1,258,128,50,38,0.37
514,-1,680,121,36,22,0.32
514,-1,619,108,35,26,0.31
515,-1,142,59,89,80,0.44
515,-1,259,128,50,39,0.37
515,-1,323,94,40,21,0.34
515,-1,682,123,35,21,0.34
516,-1,140,61,91,82,0.39
516,-1,323,95,36,21,0.37
516,-1,681,124,37,19,0.33
516,-1,260,129,49,38,0.31
517,-1,827,191,121,56,0.34
517,-1,257,128,50,39,0.34
517,-1,141,61,90,80,0.33
517,-1,683,123,33,21,0.32
518,-1,825,188,124,57,0.44
518,-1,679,121,38,23,0.40
518,-1,139,58,95,79,0.38
518,-1,317,92,41,25,0.32
519,-1,142,58,90,82,0.57
519,-1,830,187,118,55,0.49
519,-1,681,122,35,21,0.40
519,-1,320,93,37,24,0.31
520,-1,833,185,98,52,0.65
520,-1,790,187,114,50,0.51
520,-1,139,59,92,80,0.43
520,-1,320,94,37,23,0.37
520,-1,681,121,32,21,0.33
521,-1,140,59,90,78,0.55
521,-1,785,186,119,47,0.44
521,-1,840,187,76,42,0.44
521,-1,319,93,38,24,0.39
521,-1,681,122,33,21,0.37
521,-1,239,114,45,38,0.35
521,-1,619,109,36,24,0.31
522,-1,778,183,113,48,0.62
522,-1,842,184,57,41,0.45
522,-1,140,59,90,78,0.45
522,-1,252,126,51,43,0.39
522,-1,239,114,47,39,0.36
522,-1,680,123,34,20,0.34
522,-1,321,93,35,25,0.32
523,-1,773,181,115,49,0.84
523,-1,145,61,83,76,0.44
523,-1,240,113,44,37,0.40
523,-1,681,123,34,19,0.34
523,-1,321,92,34,24,0.31
524,-1,773,179,101,48,0.69
524,-1,240,113,44,36,0.51
524,-1,139,59,91,79,0.49
524,-1,866,144,50,30,0.44
524,-1,325,94,29,23,0.33
525,-1,240,113,43,32,0.52
525,-1,865,144,51,30,0.47
525,-1,145,61,84,76,0.41
525,-1,779,176,87,49,0.38
525,-1,742,176,115,53,0.34
525,-1,678,121,35,20,0.33
526,-1,239,114,45,35,0.55
526,-1,147,63,81,73,0.40
526,-1,740,171,104,47,0.39
526,-1,796,175,52,40,0.33
526,-1,871,145,39,26,0.31
527,-1,236,113,49,35,0.59
527,-1,746,170,92,45,0.54
527,-1,145,61,83,78,0.35
528,-1,237,113,49,37,0.56
528,-1,741,167,87,44,0.51
528,-1,147,62,84,73,0.40
528,-1,211,110,40,40,0.31
528,-1,681,123,33,19,0.30
529,-1,720,161,100,49,0.62
529,-1,236,112,50,38,0.61
529,-1,145,61,88,76,0.41
530,-1,237,113,48,36,0.66
530,-1,697,163,98,45,0.60
530,-1,729,163,76,44,0.48
530,-1,151,62,79,73,0.32
531,-1,690,163,95,44,0.73
531,-1,237,112,48,38,0.48
531,-1,145,61,86,75,0.41
531,-1,678,120,38,22,0.30
532,-1,689,161,91,48,0.72
532,-1,233,113,55,41,0.56
532,-1,143,59,89,79,0.38
532,-1,680,121,37,20,0.32
533,-1,679,160,90,47,0.65
533,-1,236,113,53,39,0.53
533,-1,675,119,39,22,0.38
533,-1,144,60,86,78,0.32
534,-1,667,159,100,48,0.76
534,-1,238,114,50,35,0.54
534,-1,679,118,38,21,0.38
534,-1,145,59,86,79,0.30
534,-1,56,196,49,42,0.30
535,-1,240,113,49,36,0.55
535,-1,679,158,71,42,0.47
535,-1,659,160,79,42,0.43
535,-1,137,57,97,79,0.41
535,-1,680,119,37,21,0.38
536,-1,652,158,85,41,0.55
536,-1,238,113,50,34,0.48
536,-1,677,116,42,25,0.39
536,-1,141,59,90,78,0.33
537,-1,647,156,84,39,0.65
537,-1,235,113,54,35,0.45
537,-1,138,59,91,76,0.43
537,-1,680,118,40,23,0.38
537,-1,617,110,38,25,0.31
538,-1,644,155,77,40,0.45
538,-1,237,113,52,36,0.45
538,-1,133,58,97,78,0.43
539,-1,637,153,80,41,0.49
539,-1,239,116,48,31,0.44
539,-1,132,58,96,74,0.37
539,-1,866,144,56,29,0.36
539,-1,677,119,42,23,0.31
539,-1,610,109,48,27,0.31
539,-1,59,196,46,43,0.31
540,-1,627,151,81,43,0.50
540,-1,863,144,55,31,0.44
540,-1,241,116,47,30,0.41
540,-1,138,58,92,78,0.40
541,-1,862,142,56,31,0.42
541,-1,243,116,45,30,0.42
541,-1,136,58,93,78,0.35
541,-1,628,152,75,39,0.34
542,-1,242,115,47,33,0.52
542,-1,135,58,94,78,0.43
542,-1,54,193,55,48,0.35
543,-1,241,117,50,32,0.57
543,-1,610,143,76,40,0.53
543,-1,132,59,96,81,0.45
543,-1,55,195,52,45,0.31
544,-1,604,144,78,39,0.62
544,-1,239,115,53,37,0.61
544,-1,131,57,101,79,0.40
544,-1,57,195,51,45,0.32
545,-1,601,143,75,39,0.66
545,-1,240,115,53,38,0.54
545,-1,133,58,96,80,0.44
545,-1,860,140,62,33,0.38
545,-1,678,120,45,23,0.34
546,-1,593,143,72,39,0.73
546,-1,242,115,51,38,0.54
546,-1,677,119,44,23,0.37
546,-1,863,142,58,31,0.37
546,-1,139,59,89,78,0.35
546,-1,59,196,45,40,0.34
547,-1,585,142,76,40,0.79
547,-1,245,117,47,34,0.50
547,-1,674,121,48,24,0.49
547,-1,143,61,84,73,0.44
548,-1,582,142,69,40,0.72
548,-1,246,117,47,34,0.48
548,-1,675,122,46,23,0.45
548,-1,140,59,89,79,0.40
549,-1,581,142,62,36,0.65
549,-1,142,61,90,77,0.56
549,-1,246,114,49,38,0.43
549,-1,675,121,43,24,0.39
549,-1,60,195,48,44,0.37
550,-1,579,141,57,37,0.51
550,-1,677,123,44,22,0.47
550,-1,138,58,94,84,0.46
550,-1,241,114,56,40,0.46
550,-1,249,123,60,59,0.33
550,-1,53,195,51,46,0.31
551,-1,570,141,58,32,0.63
551,-1,247,115,51,38,0.50
551,-1,142,62,90,81,0.48
551,-1,677,123,41,23,0.46
552,-1,563,141,63,32,0.72
552,-1,148,62,77,76,0.39
552,-1,250,117,48,36,0.39
552,-1,680,124,37,21,0.37
552,-1,257,127,50,46,0.35
553,-1,559,139,62,35,0.75
553,-1,145,60,81,80,0.47
553,-1,680,125,40,20,0.40
553,-1,254,128,53,46,0.38
553,-1,244,115,56,40,0.30
554,-1,552,137,63,39,0.77
554,-1,679,126,37,19,0.52
554,-1,249,128,59,47,0.46
554,-1,144,61,83,78,0.31
554,-1,240,114,59,41,0.30
554,-1,339,164,41,33,0.30
555,-1,542,134,69,43,0.77
555,-1,676,124,39,22,0.62
555,-1,139,61,89,80,0.45
555,-1,621,112,33,24,0.38
555,-1,701,129,37,19,0.36
555,-1,255,127,52,46,0.33
556,-1,538,132,71,43,0.66
556,-1,675,124,40,23,0.66
556,-1,249,128,57,43,0.47
556,-1,138,61,89,79,0.44
556,-1,619,112,38,25,0.44
556,-1,700,128,39,20,0.32
556,-1,858,146,62,29,0.31
557,-1,535,132,68,41,0.67
557,-1,681,123,34,22,0.51
557,-1,141,60,87,82,0.41
557,-1,247,127,57,43,0.37
557,-1,621,111,36,24,0.36
557,-1,856,146,64,29,0.35
557,-1,702,128,37,19,0.34
558,-1,535,131,59,43,0.57
558,-1,680,123,37,23,0.54
558,-1,623,111,36,25,0.36
558,-1,59,196,50,44,0.33
558,-1,142,60,85,79,0.32
558,-1,701,128,38,19,0.31
558,-1,338,166,45,34,0.31
559,-1,535,132,52,39,0.47
559,-1,681,121,36,24,0.45
559,-1,144,61,84,78,0.41
559,-1,621,110,35,25,0.40
560,-1,683,122,33,23,0.52
560,-1,138,60,90,77,0.45
560,-1,338,168,51,32,0.39
560,-1,622,111,36,25,0.38
560,-1,701,127,39,18,0.33
560,-1,515,125,69,46,0.31
561,-1,684,122,30,24,0.46
561,-1,628,113,30,24,0.43
561,-1,142,61,89,79,0.42
561,-1,520,124,61,45,0.40
561,-1,258,126,51,42,0.31
561,-1,341,168,48,32,0.30
562,-1,680,123,35,23,0.51
562,-1,518,124,56,43,0.47
562,-1,140,59,90,82,0.42
562,-1,625,112,34,24,0.37
562,-1,700,128,39,19,0.31
562,-1,258,125,52,43,0.31
562,-1,338,167,52,35,0.30
563,-1,512,125,60,44,0.63
563,-1,139,60,91,80,0.54
563,-1,679,123,36,22,0.48
563,-1,622,113,36,23,0.42
563,-1,250,125,57,44,0.34
563,-1,701,128,38,20,0.32
564,-1,513,125,52,42,0.60
564,-1,683,124,32,21,0.52
564,-1,135,61,93,74,0.51
564,-1,248,125,60,45,0.49
564,-1,621,113,35,23,0.44
564,-1,701,128,37,20,0.35
565,-1,506,124,55,42,0.55
565,-1,683,122,33,24,0.43
565,-1,139,59,89,76,0.42
565,-1,625,112,32,24,0.36
565,-1,257,127,56,40,0.32
566,-1,135,58,94,77,0.45
566,-1,682,121,32,23,0.43
566,-1,507,123,52,40,0.37
566,-1,629,113,29,22,0.32
566,-1,266,126,50,41,0.31
566,-1,49,192,62,51,0.31
567,-1,679,119,37,25,0.49
567,-1,137,58,91,76,0.46
567,-1,497,117,60,41,0.35
567,-1,625,109,33,26,0.33
567,-1,701,126,39,21,0.31
568,-1,138,60,88,75,0.49
568,-1,681,119,36,27,0.45
568,-1,352,169,51,36,0.39
568,-1,493,117,60,40,0.38
568,-1,703,126,37,21,0.31
568,-1,627,110,30,25,0.30
569,-1,139,61,90,78,0.50
569,-1,682,120,35,25,0.41
569,-1,488,119,59,38,0.40
569,-1,351,171,52,34,0.31
570,-1,140,61,87,73,0.51
570,-1,486,119,56,36,0.44
570,-1,351,171,54,34,0.40
570,-1,682,122,37,23,0.36
571,-1,489,118,50,36,0.48
571,-1,350,171,57,33,0.45
571,-1,136,60,92,74,0.45
571,-1,677,121,43,23,0.44
571,-1,621,111,33,25,0.34
571,-1,703,128,38,19,0.30
572,-1,678,121,41,24,0.44
572,-1,137,62,88,73,0.44
572,-1,484,118,54,37,0.41
572,-1,354,173,55,34,0.34
572,-1,621,111,31,25,0.32
573,-1,674,120,45,24,0.51
573,-1,142,63,82,71,0.36
573,-1,620,110,33,26,0.32
573,-1,351,172,62,40,0.31
574,-1,676,119,40,24,0.46
574,-1,140,62,83,73,0.32
574,-1,351,171,63,41,0.31
574,-1,705,126,37,20,0.30
575,-1,673,116,43,23,0.46
575,-1,137,57,89,80,0.41
575,-1,351,171,63,40,0.32
575,-1,476,120,45,32,0.32
575,-1,861,139,57,30,0.31
576,-1,672,119,43,22,0.50
576,-1,138,58,90,78,0.46
576,-1,352,172,62,40,0.41
576,-1,857,137,66,32,0.34
576,-1,706,126,37,19,0.31
577,-1,468,118,50,31,0.55
577,-1,677,120,38,21,0.52
577,-1,140,60,89,75,0.43
577,-1,359,174,56,39,0.37
577,-1,863,140,55,27,0.36
577,-1,710,127,31,19,0.33
578,-1,676,119,39,22,0.44
578,-1,467,118,48,32,0.40
578,-1,132,57,97,78,0.39
578,-1,51,195,55,45,0.31
579,-1,468,116,42,30,0.46
579,-1,676,119,40,21,0.43
579,-1,132,58,97,80,0.42
579,-1,362,174,53,40,0.41
580,-1,139,58,88,76,0.50
580,-1,677,118,39,22,0.45
580,-1,364,174,54,41,0.44
580,-1,463,117,47,29,0.42
580,-1,858,140,66,30,0.40
580,-1,55,195,48,44,0.39
581,-1,460,116,47,31,0.56
581,-1,673,118,43,22,0.46
581,-1,139,59,88,74,0.40
581,-1,367,174,51,39,0.36
581,-1,56,196,46,43,0.35
582,-1,143,62,82,71,0.49
582,-1,673,118,39,21,0.39
582,-1,459,115,44,31,0.37
582,-1,51,192,49,49,0.34
582,-1,371,175,47,38,0.32
583,-1,674,119,39,20,0.40
583,-1,371,175,47,37,0.40
583,-1,131,60,96,71,0.36
583,-1,56,195,45,46,0.33
583,-1,452,118,44,27,0.32
584,-1,671,118,45,22,0.42
584,-1,134,57,93,77,0.39
584,-1,379,184,62,45,0.35
585,-1,377,183,67,54,0.46
585,-1,673,122,46,21,0.37
585,-1,141,61,84,73,0.37
585,-1,52,196,55,45,0.37
586,-1,379,187,65,56,0.56
586,-1,143,63,81,74,0.45
586,-1,676,124,40,20,0.38
586,-1,447,116,45,32,0.35
586,-1,709,128,37,20,0.32
586,-1,623,115,35,22,0.31
587,-1,379,188,65,54,0.61
587,-1,672,125,47,20,0.45
587,-1,617,114,42,23,0.39
587,-1,139,63,90,75,0.39
587,-1,704,129,41,20,0.37
587,-1,446,117,43,31,0.34
587,-1,865,145,60,28,0.33
588,-1,382,191,62,46,0.73
588,-1,438,116,46,30,0.48
588,-1,672,124,47,20,0.44
588,-1,621,114,37,22,0.38
588,-1,145,64,83,76,0.34
588,-1,704,128,40,20,0.32
588,-1,869,146,51,25,0.30
589,-1,382,190,64,49,0.77
589,-1,142,63,85,75,0.44
589,-1,677,123,43,20,0.35
589,-1,701,126,40,20,0.30
590,-1,383,189,65,49,0.74
590,-1,678,123,42,20,0.41
590,-1,54,195,53,47,0.38
591,-1,383,186,70,49,0.76
591,-1,675,121,46,22,0.50
591,-1,52,193,56,50,0.36
591,-1,860,141,57,29,0.32
591,-1,622,111,33,25,0.31
592,-1,381,186,75,55,0.77
592,-1,676,120,45,22,0.43
592,-1,143,62,82,71,0.34
593,-1,381,188,77,55,0.81
593,-1,674,120,48,23,0.56
593,-1,619,111,35,26,0.33
593,-1,137,62,89,75,0.32
593,-1,326,146,36,26,0.32
593,-1,57,197,45,40,0.31
594,-1,383,190,77,54,0.85
594,-1,674,122,47,21,0.58
594,-1,242,111,47,39,0.40
594,-1,426,112,47,29,0.35
594,-1,138,65,85,72,0.32
594,-1,620,112,34,23,0.31
595,-1,384,190,82,53,0.74
595,-1,676,124,46,20,0.58
595,-1,619,115,35,21,0.37
595,-1,239,108,52,48,0.37
595,-1,145,63,78,74,0.31
595,-1,700,128,39,20,0.31
595,-1,54,194,55,47,0.31
596,-1,386,191,83,53,0.78
596,-1,677,124,43,21,0.52
596,-1,237,109,52,45,0.37
596,-1,701,128,38,20,0.35
596,-1,428,114,39,27,0.34
596,-1,622,113,32,23,0.31
596,-1,144,64,78,72,0.30
597,-1,380,190,94,58,0.69
597,-1,678,124,43,21,0.55
597,-1,422,113,44,28,0.49
597,-1,700,128,38,21,0.38
597,-1,237,108,53,46,0.35
597,-1,619,113,34,24,0.33
598,-1,387,194,88,55,0.60
598,-1,679,124,39,21,0.50
598,-1,237,108,53,46,0.45
598,-1,147,65,77,71,0.43
598,-1,423,113,41,28,0.41
598,-1,700,128,38,20,0.36
598,-1,622,114,30,22,0.31
599,-1,388,194,86,57,0.67
599,-1,673,124,47,23,0.54
599,-1,615,113,41,27,0.50
599,-1,422,113,40,29,0.44
599,-1,54,194,58,47,0.39
599,-1,238,109,53,44,0.33
599,-1,145,64,74,70,0.31
600,-1,388,194,90,59,0.67
600,-1,419,112,42,30,0.52
600,-1,674,124,46,22,0.49
600,-1,240,110,52,41,0.36
600,-1,618,113,37,25,0.35
600,-1,57,194,51,47,0.33
601,-1,397,193,80,60,0.61
601,-1,674,125,42,20,0.49
601,-1,242,111,50,41,0.45
601,-1,420,113,41,28,0.39
601,-1,621,117,30,20,0.33
602,-1,400,194,78,59,0.59
602,-1,675,124,44,22,0.55
602,-1,244,111,49,42,0.51
602,-1,417,113,45,28,0.49
602,-1,619,118,33,20,0.39
602,-1,141,65,83,71,0.34
603,-1,402,199,81,62,0.60
603,-1,244,111,50,39,0.52
603,-1,676,125,44,22,0.50
603,-1,415,112,46,29,0.47
603,-1,145,66,80,73,0.42
603,-1,621,115,32,23,0.33
603,-1,53,190,63,57,0.31
604,-1,674,123,45,23,0.61
604,-1,396,196,93,68,0.59
604,-1,247,111,48,42,0.53
604,-1,617,113,37,26,0.41
604,-1,416,111,43,28,0.36
604,-1,139,62,86,73,0.33
604,-1,703,128,37,21,0.30
605,-1,675,125,42,20,0.57
605,-1,395,196,97,68,0.54
605,-1,253,112,43,38,0.43
605,-1,617,113,37,24,0.41
605,-1,413,111,42,28,0.36
605,-1,703,130,38,19,0.32
606,-1,397,199,92,64,0.60
606,-1,674,124,42,22,0.52
606,-1,250,113,47,38,0.39
606,-1,618,114,35,24,0.34
606,-1,138,62,88,80,0.33
606,-1,54,192,58,52,0.31
607,-1,396,200,94,63,0.63
607,-1,673,124,44,21,0.56
607,-1,56,192,55,53,0.41
607,-1,616,114,39,25,0.41
607,-1,136,64,90,79,0.35
607,-1,253,112,44,39,0.32
607,-1,702,129,39,20,0.31
608,-1,396,200,96,63,0.58
608,-1,675,125,45,21,0.56
608,-1,615,113,36,25,0.43
608,-1,861,151,56,25,0.42
608,-1,136,62,90,78,0.38
609,-1,397,201,95,61,0.63
609,-1,675,125,43,20,0.53
609,-1,252,112,45,37,0.48
609,-1,615,116,37,23,0.38
609,-1,139,64,87,78,0.35
609,-1,861,153,55,22,0.31
609,-1,404,112,38,30,0.31
610,-1,399,199,97,65,0.70
610,-1,674,126,43,20,0.54
610,-1,257,113,43,34,0.43
610,-1,137,63,89,77,0.37
610,-1,620,115,33,23,0.34
611,-1,399,203,99,62,0.66
611,-1,676,126,40,21,0.47
611,-1,252,113,50,35,0.42
611,-1,407,195,76,57,0.35
612,-1,407,209,93,62,0.67
612,-1,255,113,46,35,0.49
612,-1,675,125,41,21,0.45
612,-1,54,191,58,53,0.35
612,-1,409,196,73,54,0.34
612,-1,142,65,81,71,0.31
613,-1,411,213,90,61,0.75
613,-1,249,113,50,37,0.57
613,-1,675,125,41,21,0.42
613,-1,142,63,83,75,0.35
614,-1,410,214,93,62,0.77
614,-1,676,127,38,19,0.39
614,-1,250,113,47,37,0.36
615,-1,411,216,93,60,0.77
615,-1,246,111,50,40,0.44
615,-1,674,125,43,21,0.35
616,-1,411,215,94,66,0.80
616,-1,674,126,43,20,0.37
616,-1,252,114,43,35,0.37
616,-1,614,114,41,24,0.31
617,-1,412,216,97,66,0.76
617,-1,675,126,43,20,0.39
617,-1,407,211,67,65,0.35
617,-1,256,113,38,35,0.35
617,-1,147,69,75,67,0.33
618,-1,417,214,89,71,0.69
618,-1,674,127,44,20,0.40
618,-1,143,67,82,71,0.39
619,-1,416,215,92,71,0.71
619,-1,146,65,81,74,0.42
619,-1,678,126,38,19,0.38
620,-1,417,216,92,69,0.71
620,-1,675,126,39,20,0.37
620,-1,145,65,80,74,0.34
621,-1,417,214,95,73,0.66
621,-1,676,126,39,19,0.45
621,-1,141,63,84,79,0.38
621,-1,619,115,36,23,0.31
621,-1,843,145,83,33,0.30
622,-1,418,216,94,68,0.56
622,-1,676,125,43,20,0.43
622,-1,141,62,85,81,0.34
623,-1,420,216,94,72,0.46
623,-1,676,127,43,19,0.35
623,-1,145,62,76,82,0.33
624,-1,423,222,94,75,0.52
624,-1,677,127,42,20,0.33
625,-1,422,221,95,80,0.62
625,-1,680,127,40,20,0.40
626,-1,423,223,96,75,0.74
626,-1,371,105,49,34,0.40
626,-1,677,126,41,20,0.31
627,-1,426,225,98,77,0.76
627,-1,677,126,43,19,0.45
627,-1,407,181,68,43,0.40
627,-1,369,105,47,34,0.37
628,-1,427,226,97,78,0.72
628,-1,678,127,44,19,0.41
628,-1,372,105,44,33,0.37
628,-1,410,193,114,117,0.36
628,-1,402,181,78,46,0.35
629,-1,427,226,99,78,0.76
629,-1,678,129,43,17,0.38
629,-1,402,180,80,47,0.37
629,-1,373,107,40,31,0.36
629,-1,412,196,111,114,0.35
630,-1,426,229,98,77,0.71
630,-1,407,181,77,46,0.41
630,-1,677,128,45,19,0.37
630,-1,372,107,39,30,0.34
630,-1,412,193,109,120,0.34
630,-1,137,64,87,83,0.33
631,-1,428,229,97,82,0.69
631,-1,677,128,43,19,0.38
631,-1,368,105,44,32,0.35
631,-1,414,195,106,121,0.33
631,-1,138,63,89,84,0.31
631,-1,401,179,87,52,0.31
632,-1,431,231,97,81,0.68
632,-1,419,196,105,119,0.43
632,-1,677,128,44,19,0.40
632,-1,135,63,92,86,0.31
633,-1,432,230,95,83,0.59
633,-1,674,127,47,20,0.37
633,-1,416,193,108,123,0.35
633,-1,50,195,58,47,0.35
633,-1,258,130,57,36,0.32
633,-1,362,105,48,32,0.31
633,-1,427,188,70,49,0.31
634,-1,432,231,96,85,0.58
634,-1,257,131,56,35,0.47
634,-1,418,187,86,52,0.44
634,-1,422,199,115,125,0.40
634,-1,362,104,48,32,0.37
634,-1,676,127,44,20,0.33
635,-1,426,201,110,124,0.55
635,-1,434,232,93,86,0.55
635,-1,419,189,91,56,0.44
635,-1,676,126,44,22,0.42
635,-1,262,131,54,36,0.37
636,-1,437,236,91,82,0.58
636,-1,430,200,108,124,0.44
636,-1,677,128,45,19,0.43
636,-1,425,190,90,57,0.39
636,-1,256,130,58,38,0.39
637,-1,424,190,109,127,0.63
637,-1,440,237,89,81,0.50
637,-1,243,128,68,40,0.49
637,-1,422,190,96,58,0.41
637,-1,674,126,48,20,0.40
638,-1,430,195,110,130,0.56
638,-1,441,235,90,83,0.53
638,-1,230,125,76,44,0.52
638,-1,430,190,90,59,0.50
638,-1,677,128,44,18,0.38
639,-1,429,194,112,130,0.60
639,-1,440,235,91,85,0.49
639,-1,435,191,89,57,0.42
639,-1,247,130,64,38,0.38
639,-1,677,130,44,17,0.36
639,-1,311,130,51,35,0.34
639,-1,49,191,62,55,0.33
640,-1,430,192,113,134,0.64
640,-1,236,128,77,41,0.49
640,-1,443,237,88,81,0.42
640,-1,439,190,90,58,0.31
640,-1,675,127,46,21,0.31
640,-1,314,132,52,32,0.30
641,-1,437,199,108,131,0.67
641,-1,238,127,73,42,0.47
641,-1,675,127,45,20,0.39
641,-1,446,237,88,82,0.39
641,-1,442,190,91,58,0.36
641,-1,313,133,54,34,0.30
642,-1,443,210,103,125,0.69
642,-1,233,126,76,43,0.52
642,-1,447,237,88,80,0.38
642,-1,675,127,44,20,0.36
642,-1,314,132,56,35,0.34
642,-1,450,193,84,53,0.32
643,-1,445,203,102,130,0.56
643,-1,449,248,95,82,0.43
643,-1,677,128,44,19,0.43
643,-1,236,130,77,38,0.42
643,-1,314,136,56,30,0.41
643,-1,453,197,84,49,0.37
643,-1,451,204,87,60,0.32
644,-1,447,200,104,135,0.53
644,-1,450,252,94,79,0.48
644,-1,231,123,78,45,0.41
644,-1,223,96,76,71,0.39
644,-1,676,128,45,20,0.38
644,-1,491,207,52,47,0.35
644,-1,453,245,82,59,0.33
644,-1,340,135,44,31,0.32
644,-1,454,201,86,65,0.32
645,-1,449,203,105,133,0.59
645,-1,676,129,45,19,0.43
645,-1,491,209,58,47,0.41
645,-1,451,252,93,80,0.38
645,-1,344,136,43,31,0.34
645,-1,224,95,75,71,0.30
645,-1,237,124,74,44,0.30
646,-1,452,210,103,131,0.69
646,-1,492,207,69,56,0.52
646,-1,675,127,46,20,0.42
646,-1,344,136,45,32,0.36
646,-1,143,65,80,83,0.35
647,-1,449,218,106,126,0.59
647,-1,348,138,44,31,0.56
647,-1,488,209,76,55,0.54
647,-1,674,127,47,20,0.32
647,-1,135,63,90,83,0.30
648,-1,485,206,86,61,0.71
648,-1,348,139,51,34,0.52
648,-1,449,218,104,125,0.50
648,-1,675,128,45,20,0.37
648,-1,136,64,90,81,0.33
649,-1,489,206,86,60,0.66
649,-1,359,139,47,36,0.51
649,-1,452,223,109,120,0.47
649,-1,676,128,45,20,0.35
650,-1,483,206,99,61,0.67
650,-1,357,141,51,32,0.52
650,-1,451,252,94,90,0.46
650,-1,456,236,119,111,0.33
650,-1,676,128,45,20,0.32
651,-1,487,209,100,61,0.71
651,-1,363,140,46,35,0.56
651,-1,451,254,94,87,0.48
651,-1,675,127,46,21,0.47
651,-1,456,235,130,108,0.41
652,-1,488,207,108,67,0.64
652,-1,362,140,49,35,0.58
652,-1,451,254,90,88,0.50
652,-1,676,127,45,20,0.41
652,-1,523,222,77,51,0.36
652,-1,456,238,134,107,0.35
652,-1,50,187,62,59,0.33
652,-1,144,65,78,78,0.30
653,-1,367,141,45,34,0.59
653,-1,491,208,109,65,0.53
653,-1,452,257,89,87,0.52
653,-1,675,128,47,19,0.46
653,-1,857,152,59,25,0.31
654,-1,452,258,89,88,0.48
654,-1,364,140,54,37,0.47
654,-1,513,217,104,58,0.47
654,-1,672,127,50,21,0.40
654,-1,141,64,85,80,0.35
655,-1,509,215,111,62,0.52
655,-1,457,251,127,106,0.46
655,-1,673,127,49,20,0.41
655,-1,452,258,88,91,0.39
655,-1,137,62,88,83,0.37
655,-1,370,140,48,39,0.32
656,-1,516,212,109,68,0.51
656,-1,533,232,93,54,0.38
656,-1,452,260,89,92,0.36
656,-1,138,64,85,77,0.34
656,-1,673,127,48,20,0.31
657,-1,519,217,114,66,0.54
657,-1,450,260,90,92,0.36
657,-1,676,127,45,20,0.35
657,-1,386,147,52,34,0.31
658,-1,529,226,116,62,0.43
658,-1,676,126,45,20,0.41
658,-1,388,147,54,35,0.35
658,-1,450,261,99,102,0.32
659,-1,677,128,44,19,0.44
659,-1,442,262,107,104,0.40
659,-1,524,220,126,72,0.38
659,-1,135,65,94,75,0.31
660,-1,677,127,43,19,0.47
660,-1,532,226,129,68,0.39
660,-1,397,151,53,32,0.35
660,-1,577,247,83,39,0.35
660,-1,614,114,41,27,0.31
661,-1,577,244,89,48,0.47
661,-1,675,127,44,20,0.47
661,-1,446,262,104,105,0.43
661,-1,539,230,116,67,0.31
661,-1,139,65,86,75,0.31
662,-1,448,261,103,111,0.42
662,-1,138,64,89,77,0.35
662,-1,405,157,60,34,0.31
662,-1,675,128,46,19,0.31
663,-1,675,126,44,21,0.38
663,-1,409,157,60,37,0.36
663,-1,564,236,126,65,0.33
663,-1,138,63,89,77,0.33
664,-1,675,127,45,21,0.42
664,-1,570,238,127,68,0.41
665,-1,675,127,46,20,0.36
665,-1,48,193,66,53,0.30
666,-1,432,165,66,40,0.47
666,-1,676,127,45,20,0.38
666,-1,49,193,64,54,0.30
667,-1,434,165,67,41,0.55
667,-1,675,126,44,22,0.38
668,-1,438,165,73,41,0.56
668,-1,675,126,46,21,0.39
669,-1,440,164,74,44,0.53
669,-1,594,247,164,91,0.48
669,-1,677,127,44,21,0.44
669,-1,141,63,82,75,0.31
670,-1,442,168,81,44,0.62
670,-1,603,248,162,98,0.53
670,-1,675,127,45,21,0.33
671,-1,450,170,75,44,0.70
671,-1,676,127,45,21,0.43
671,-1,611,259,166,82,0.41
671,-1,340,161,56,33,0.40
672,-1,460,171,65,41,0.66
672,-1,622,262,167,83,0.59
672,-1,344,160,51,32,0.43
672,-1,480,175,60,36,0.43
672,-1,676,129,44,20,0.33
672,-1,462,180,67,41,0.30
673,-1,634,265,168,83,0.49
673,-1,482,183,64,39,0.47
673,-1,467,173,57,38,0.44
673,-1,345,159,51,33,0.44
673,-1,676,128,45,20,0.41
674,-1,645,268,169,98,0.53
674,-1,488,183,70,41,0.48
674,-1,676,129,43,20,0.34
675,-1,482,182,86,48,0.71
675,-1,654,273,175,97,0.47
675,-1,677,129,42,20,0.37
676,-1,662,278,183,96,0.72
676,-1,489,185,90,49,0.72
676,-1,676,129,43,20,0.36
676,-1,706,135,38,22,0.30
677,-1,492,184,98,53,0.71
677,-1,674,288,187,96,0.69
677,-1,676,130,42,19,0.38
677,-1,536,196,54,34,0.33
678,-1,688,286,193,107,0.74
678,-1,497,185,97,50,0.52
678,-1,519,195,88,45,0.45
678,-1,675,130,44,20,0.42
679,-1,521,193,96,50,0.59
679,-1,702,289,197,115,0.42
679,-1,675,129,45,20,0.38
679,-1,512,187,72,50,0.35
680,-1,528,194,98,51,0.62
680,-1,715,299,215,107,0.38
680,-1,540,206,85,45,0.35
680,-1,675,129,43,19,0.34
680,-1,49,194,64,51,0.34
681,-1,527,193,107,57,0.62
681,-1,729,300,205,118,0.43
681,-1,676,129,42,20,0.37
682,-1,535,196,103,53,0.40
682,-1,583,214,67,37,0.39
682,-1,676,129,43,20,0.38
682,-1,433,302,111,124,0.37
682,-1,737,304,201,118,0.36
682,-1,360,172,58,34,0.35
683,-1,572,210,95,48,0.49
683,-1,676,128,43,20,0.37
684,-1,572,208,105,55,0.67
684,-1,674,128,45,20,0.38
685,-1,574,206,120,61,0.75
685,-1,783,320,160,113,0.51
685,-1,46,192,69,54,0.31
685,-1,676,128,42,20,0.31
686,-1,578,208,136,65,0.55
686,-1,798,326,150,102,0.46
686,-1,674,127,45,21,0.39
687,-1,603,213,123,66,0.49
687,-1,674,128,44,20,0.43
687,-1,136,66,89,76,0.32
688,-1,607,216,123,65,0.54
688,-1,674,129,44,20,0.36
689,-1,674,127,44,21,0.39
689,-1,622,219,126,64,0.31
690,-1,666,236,115,61,0.38
690,-1,627,223,160,81,0.33
690,-1,674,128,46,20,0.32
690,-1,140,66,84,75,0.31
691,-1,642,229,160,76,0.51
691,-1,138,66,89,79,0.33
691,-1,673,128,46,20,0.30
692,-1,655,233,166,80,0.69
692,-1,674,128,46,20,0.35
692,-1,386,177,76,50,0.32
693,-1,669,237,176,83,0.80
693,-1,673,127,47,21,0.42
693,-1,388,179,76,48,0.40
693,-1,610,117,44,24,0.32
694,-1,690,243,183,88,0.76
694,-1,389,180,80,49,0.51
694,-1,142,65,84,79,0.38
694,-1,674,127,45,21,0.33
695,-1,715,250,184,88,0.87
695,-1,391,181,83,54,0.66
695,-1,673,129,45,19,0.34
695,-1,206,103,49,56,0.31
696,-1,393,184,85,52,0.61
696,-1,733,259,180,84,0.56
696,-1,673,128,45,21,0.30
697,-1,401,188,80,49,0.49
697,-1,749,262,201,102,0.38
697,-1,673,129,44,20,0.34
698,-1,396,185,93,55,0.38
698,-1,674,129,45,20,0.36
698,-1,47,192,70,54,0.35
698,-1,136,67,88,73,0.34
698,-1,779,266,176,101,0.31
699,-1,671,128,49,20,0.37
699,-1,213,106,39,50,0.31
700,-1,673,130,44,19,0.40
700,-1,858,154,52,24,0.32
700,-1,209,104,44,52,0.30
701,-1,675,129,44,20,0.34
701,-1,419,190,86,56,0.34
701,-1,47,192,66,54,0.32
702,-1,46,192,68,53,0.36
702,-1,421,193,93,55,0.33
702,-1,218,109,38,43,0.32
703,-1,422,193,94,58,0.45
703,-1,216,108,41,47,0.36
703,-1,335,87,54,33,0.31
704,-1,425,193,93,57,0.41
704,-1,215,106,43,50,0.34
704,-1,674,130,44,19,0.31
705,-1,431,194,93,59,0.42
705,-1,216,108,41,45,0.37
705,-1,673,130,45,19,0.35
706,-1,428,201,101,62,0.52
706,-1,674,130,44,19,0.31
706,-1,215,106,44,49,0.30
707,-1,434,203,102,63,0.51
707,-1,132,62,92,80,0.35
707,-1,855,154,56,24,0.33
707,-1,676,130,44,19,0.32
708,-1,436,202,102,66,0.40
708,-1,132,63,93,78,0.37
708,-1,674,130,43,19,0.30
709,-1,443,201,105,67,0.46
709,-1,139,66,83,74,0.32
709,-1,675,130,43,19,0.31
710,-1,444,200,106,68,0.57
710,-1,137,64,90,76,0.32
710,-1,673,129,46,19,0.32
711,-1,460,211,106,62,0.56
712,-1,461,210,107,67,0.67
712,-1,141,66,86,78,0.34
712,-1,673,128,47,20,0.34
713,-1,468,207,108,73,0.66
713,-1,672,127,48,21,0.35
714,-1,475,212,109,68,0.66
714,-1,673,127,48,20,0.39
714,-1,141,64,85,79,0.33
715,-1,478,213,109,69,0.49
715,-1,672,125,50,22,0.35
715,-1,138,63,90,80,0.33
716,-1,675,127,47,20,0.52
716,-1,488,218,103,66,0.39
716,-1,140,62,89,79,0.35
716,-1,613,114,43,26,0.32
717,-1,674,127,47,20,0.42
717,-1,487,217,109,69,0.40
717,-1,135,62,94,78,0.39
717,-1,513,233,103,52,0.35
717,-1,611,114,47,26,0.31
718,-1,512,232,107,59,0.61
718,-1,674,128,47,20,0.43
718,-1,856,153,58,24,0.31
718,-1,47,188,68,59,0.30
719,-1,510,230,111,65,0.71
719,-1,673,126,46,21,0.44
719,-1,146,64,79,76,0.35
719,-1,609,114,44,26,0.31
720,-1,514,228,119,68,0.64
720,-1,673,127,49,21,0.46
721,-1,524,229,119,73,0.53
721,-1,672,126,49,21,0.48
722,-1,528,233,126,77,0.47
722,-1,140,63,85,77,0.35
722,-1,674,127,46,20,0.34
723,-1,534,234,120,78,0.41
723,-1,142,65,84,77,0.34
723,-1,672,127,47,20,0.31
723,-1,45,189,66,59,0.30
724,-1,539,232,142,95,0.32
725,-1,672,127,48,21,0.40
725,-1,139,66,87,80,0.33
726,-1,556,246,147,88,0.77
726,-1,668,126,51,21,0.34
726,-1,137,65,89,80,0.33
727,-1,560,248,153,90,0.64
727,-1,420,405,143,130,0.36
727,-1,132,63,95,83,0.35
727,-1,672,129,48,19,0.34
728,-1,563,248,164,93,0.63
728,-1,418,410,147,126,0.36
728,-1,671,127,47,20,0.34
728,-1,135,65,94,79,0.32
729,-1,419,410,146,127,0.40
729,-1,672,128,47,20,0.39
729,-1,141,65,83,76,0.34
729,-1,581,256,162,88,0.32
730,-1,419,414,148,125,0.66
730,-1,585,257,166,99,0.57
730,-1,419,414,148,125,0.45
730,-1,675,127,45,21,0.38
730,-1,138,64,85,79,0.32
731,-1,596,265,168,92,0.56
731,-1,421,415,146,125,0.48
731,-1,674,126,46,20,0.45
731,-1,421,415,146,125,0.43
731,-1,132,64,95,77,0.34
732,-1,607,264,165,104,0.54
732,-1,674,127,47,19,0.40
732,-1,419,419,155,121,0.34
732,-1,856,152,57,24,0.31
732,-1,618,265,127,61,0.31
732,-1,135,63,92,77,0.30
733,-1,619,268,180,113,0.65
733,-1,674,126,48,21,0.44
734,-1,633,272,177,115,0.62
734,-1,671,127,51,20,0.30
735,-1,645,283,182,102,0.40
735,-1,672,127,47,21,0.36
735,-1,129,63,103,77,0.31
736,-1,654,289,177,102,0.53
737,-1,652,299,206,104,0.48
738,-1,677,305,210,106,0.40
738,-1,672,128,48,20,0.40
738,-1,132,64,100,74,0.32
738,-1,338,89,54,29,0.31
739,-1,696,309,219,112,0.41
739,-1,135,65,93,79,0.37
739,-1,344,90,44,26,0.35
739,-1,671,128,48,20,0.34
740,-1,714,311,210,125,0.62
740,-1,135,66,93,80,0.41
740,-1,673,128,47,20,0.36
740,-1,343,88,45,28,0.34
741,-1,673,128,47,20,0.39
741,-1,136,65,87,79,0.32
742,-1,672,128,49,20,0.41
742,-1,136,67,91,77,0.33
743,-1,673,128,47,20,0.39
743,-1,137,68,88,75,0.36
743,-1,609,117,49,25,0.31
744,-1,674,127,47,22,0.44
745,-1,674,127,46,21,0.41
745,-1,138,68,88,61,0.31
