1,1,1.0,196.27,183.47,191.93
1,2,171.73,215.47,180.2,122.6
1,3,426.67,93.867,98.06,61.803
1,4,382.93,54.4,344.47,298.6
1,6,617.6,26.667,59.67,47.933
2,1,1.0,202.67,171.95,187.24
2,2,150.4,224.43,189.8,122.38
2,3,420.69,96.0,98.92,63.08
2,4,389.6,53.6,340.73,292.2
2,6,613.97,27.733,60.95,47.294
3,1,1.0,209.07,160.43,182.54
3,2,129.07,233.39,199.4,122.17
3,3,414.72,98.133,99.77,64.357
3,4,396.27,52.8,337.0,285.8
3,6,610.35,28.8,62.22,46.653
4,1,1.0,215.47,148.91,177.85
4,2,107.73,242.35,209.0,121.96
4,3,408.75,100.27,100.62,65.64
4,4,402.93,52.0,333.27,279.4
4,5,580.48,26.027,53.05,39.826
4,6,606.72,29.867,63.51,46.013
5,1,1.0,221.87,137.39,173.16
5,2,86.4,251.31,218.6,121.74
5,3,402.77,102.4,101.48,66.92
5,4,409.6,51.2,329.53,273.0
5,5,577.71,25.813,54.76,40.68
5,6,603.09,30.933,64.79,45.374
6,1,1.0,228.27,125.87,168.46
6,2,65.067,260.27,228.203,121.53
6,3,396.8,104.53,102.33,68.2
6,4,416.11,50.24,325.05,268.95
6,5,574.93,25.6,56.47,41.533
6,6,599.47,32.0,66.06,44.733
7,1,1.0,230.61,113.49,156.1
7,2,52.48,270.08,218.6,126.23
7,3,393.17,107.09,102.55,69.48
7,4,422.61,49.28,320.58,264.89
7,5,571.31,28.16,56.89,42.387
7,6,596.69,34.347,67.56,45.16
8,1,1.0,232.96,101.12,143.72
8,2,39.893,279.89,208.997,130.92
8,3,389.55,109.65,102.76,70.76
8,4,429.12,48.32,316.09,260.84
8,5,567.68,30.72,57.32,43.24
8,6,593.92,36.693,69.05,45.587
9,1,1.0,235.31,88.747,131.34
9,2,27.307,289.71,199.403,135.61
9,3,385.92,112.21,102.97,72.04
9,4,435.63,47.36,311.61,256.79
9,5,564.05,33.28,57.75,44.093
9,6,591.15,39.04,70.54,46.013
10,1,1.0,237.65,76.373,118.98
10,2,14.72,299.52,189.8,140.31
10,3,382.29,114.77,103.19,73.32
10,4,442.13,46.4,307.14,252.73
10,5,560.43,35.84,58.17,44.947
10,6,588.37,41.387,72.04,46.44
11,1,1.0,240.0,64.0,106.6
11,2,1.0,309.33,181.33,145.0
11,3,378.67,117.33,103.4,74.6
11,4,448.64,45.44,302.65,248.68
11,5,556.8,38.4,58.6,45.8
11,6,585.6,43.733,73.53,46.867
12,2,1.0,316.16,161.71,139.03
12,3,367.36,119.47,106.6,78.65
12,4,455.15,44.48,298.17,244.63
12,5,552.75,39.253,57.53,44.734
12,6,581.76,44.587,72.68,47.08
13,2,1.0,322.99,142.08,133.05
13,3,356.05,121.6,109.8,82.71
13,4,461.65,43.52,293.7,240.57
13,5,548.69,40.107,56.47,43.666
13,6,577.92,45.44,71.83,47.293
14,2,1.0,329.81,122.45,127.08
14,3,344.75,123.73,113.0,86.76
14,4,468.16,42.56,289.21,236.52
14,5,544.64,40.96,55.4,42.6
14,6,574.08,46.293,70.97,47.507
15,2,1.0,336.64,102.83,121.11
15,3,333.44,125.87,116.2,90.81
15,4,474.67,41.6,284.73,232.47
15,5,540.59,41.813,54.33,41.534
15,6,570.24,47.147,70.12,47.72
16,2,1.0,343.47,83.2,115.13
16,3,322.13,128.0,119.4,94.87
16,4,480.64,40.0,281.0,229.8
16,5,536.53,42.667,53.27,40.466
16,6,566.4,48.0,69.27,47.933
16,7,710.4,1.0,56.47,40.533
17,3,315.09,132.91,121.54,94.01
17,4,486.61,38.4,277.27,227.13
17,5,532.05,44.587,53.48,40.466
17,6,563.2,49.707,68.2,48.146
17,7,708.69,1.0,56.9,40.533
18,3,308.05,137.81,123.67,93.16
18,4,492.59,36.8,273.53,224.47
18,5,527.57,46.507,53.7,40.466
18,6,560.0,51.413,67.13,48.36
18,7,706.99,1.0,57.32,40.533
19,3,301.01,142.72,125.8,92.31
19,4,498.56,35.2,269.8,221.8
19,5,523.09,48.427,53.91,40.466
19,6,556.8,53.12,66.07,48.57
19,7,705.28,1.0,57.75,40.533
20,3,293.97,147.63,127.94,91.45
20,4,504.53,33.6,266.07,219.13
20,5,518.61,50.347,54.12,40.466
20,6,553.6,54.827,65.0,48.783
20,7,703.57,1.0,58.18,40.533
21,3,286.93,152.53,130.07,90.6
21,4,510.51,32.0,262.33,216.47
21,5,514.13,52.267,54.34,40.466
21,6,550.4,56.533,63.93,48.997
21,7,701.87,1.0,58.6,40.533
22,3,278.19,154.67,132.84,91.45
22,4,516.48,30.4,258.6,213.8
22,5,509.87,53.333,56.68,41.747
22,6,545.07,56.96,65.85,51.99
22,7,699.52,1.0,59.03,41.173
23,3,269.44,156.8,135.61,92.31
23,4,522.45,28.8,254.87,211.13
23,5,505.6,54.4,59.03,43.027
23,6,539.73,57.387,67.78,54.973
23,7,697.17,6.6133,59.46,36.1997
24,3,260.69,158.93,138.39,93.16
24,4,528.43,27.2,251.13,208.47
24,5,501.33,55.467,61.38,44.306
24,6,534.4,57.813,69.69,57.957
24,7,694.83,7.2533,59.88,36.1997
25,3,251.95,161.07,141.16,94.01
25,4,534.4,25.6,247.4,205.8
25,5,497.07,56.533,63.72,45.587
25,6,529.07,58.24,71.61,60.95
25,7,692.48,7.8933,60.31,36.1997
26,3,243.2,163.2,143.93,94.87
26,4,539.2,24.747,244.73,203.133
26,5,492.8,57.6,66.07,46.87
26,6,523.73,58.667,73.54,63.933
26,7,690.13,8.5333,60.74,36.1997
27,3,233.6,167.04,144.57,97.43
27,4,544.0,23.893,242.07,200.467
27,5,488.11,58.88,65.85,46.23
27,6,519.25,61.013,73.11,63.297
27,7,688.85,9.3867,59.88,37.2663
28,3,224.0,170.88,145.21,99.99
28,4,548.8,23.04,239.4,197.8
28,5,483.41,60.16,65.64,45.59
28,6,514.77,63.36,72.68,62.65
28,7,687.57,10.24,59.03,38.333
29,3,214.4,174.72,145.85,102.55
29,4,553.6,22.187,236.73,195.133
29,5,478.72,61.44,65.43,44.95
29,6,510.29,65.707,72.26,62.013
29,7,686.29,11.093,58.18,39.4
30,3,204.8,178.56,146.49,105.11
30,4,558.4,21.333,234.07,192.467
30,5,474.03,62.72,65.21,44.31
30,6,505.81,68.053,71.83,61.377
30,7,685.01,11.947,57.32,40.466
31,3,195.2,182.4,147.13,107.67
31,4,563.2,20.48,231.4,189.8
31,5,469.33,64.0,65.0,43.67
31,6,501.33,70.4,71.4,60.73
31,7,683.73,12.8,56.47,41.533
32,3,183.25,186.88,150.55,109.37
32,4,568.0,19.627,228.73,187.133
32,5,464.64,65.493,66.92,44.517
32,6,495.36,72.533,74.81,62.017
32,7,681.81,13.653,54.76,40.68
33,3,171.31,191.36,153.96,111.08
33,4,572.8,18.773,226.07,184.467
33,5,459.95,66.987,68.84,45.373
33,6,489.39,74.667,78.22,63.293
33,7,679.89,14.507,53.06,39.826
34,3,159.36,195.84,157.37,112.79
34,4,577.6,17.92,223.4,181.8
34,5,455.25,68.48,70.76,46.23
34,6,483.41,76.8,81.64,64.57
34,7,677.97,15.36,51.35,38.973
35,3,147.41,200.32,160.79,114.49
35,4,582.4,17.067,220.73,179.133
35,5,450.56,69.973,72.68,47.077
35,6,477.44,78.933,85.05,65.857
35,7,676.05,16.213,49.64,38.12
36,3,135.47,204.8,164.2,116.2
36,4,586.45,16.32,218.71,176.57
36,5,445.87,71.467,74.6,47.933
36,6,471.47,81.067,88.46,67.133
36,7,674.13,17.067,47.94,37.266
37,3,119.89,209.28,171.24,120.68
37,4,590.51,15.573,216.68,174.017
37,5,439.04,73.813,76.52,48.357
37,6,467.41,82.773,88.47,68.197
37,7,671.15,17.92,50.06,37.48
38,3,104.32,213.76,178.28,125.16
38,4,594.56,14.827,214.65,171.453
38,5,432.21,76.16,78.44,48.79
38,6,463.36,84.48,88.47,69.27
38,7,668.16,18.773,52.2,37.694
39,3,88.747,218.24,185.323,129.64
39,4,598.61,14.08,212.63,168.89
39,5,425.39,78.507,80.36,49.213
39,6,459.31,86.187,88.46,70.333
39,7,665.17,19.627,54.34,37.906
40,3,73.173,222.72,192.357,134.12
40,4,602.67,13.333,210.6,166.337
40,5,418.56,80.853,82.28,49.637
40,6,455.25,87.893,88.47,71.397
40,7,662.19,20.48,56.46,38.12
41,3,57.6,227.2,199.4,138.6
41,4,606.72,12.587,208.57,163.773
41,5,411.73,83.2,84.2,50.07
41,6,451.2,89.6,88.47,72.47
41,7,659.2,21.333,58.6,38.334
42,3,46.507,233.6,198.973,140.95
42,4,610.77,11.84,206.55,161.21
42,5,407.04,85.12,84.63,50.92
42,6,443.95,91.52,91.45,73.32
42,7,656.21,23.04,59.24,37.48
43,3,35.413,240.0,198.547,143.29
43,4,614.83,11.093,204.52,158.657
43,5,402.35,87.04,85.05,51.77
43,6,436.69,93.44,94.44,74.17
43,7,653.23,24.747,59.88,36.626
44,3,24.32,246.4,198.12,145.64
44,4,618.88,10.347,202.49,156.093
44,5,397.65,88.96,85.48,52.63
44,6,429.44,95.36,97.43,75.03
44,7,650.24,26.453,60.52,35.774
45,3,13.227,252.8,197.693,147.99
45,4,622.93,9.6,200.47,153.53
45,5,392.96,90.88,85.91,53.48
45,6,422.19,97.28,100.41,75.88
45,7,647.25,28.16,61.16,34.92
46,3,1.0,259.2,198.4,150.33
46,4,626.67,8.64,197.69,151.72
46,5,388.27,92.8,86.33,54.33
46,6,414.93,99.2,103.4,76.73
46,7,644.27,29.867,61.8,34.066
47,3,1.0,264.32,184.53,148.41
47,4,630.4,7.68,194.92,149.91
47,5,380.59,95.147,89.96,53.903
47,6,407.89,101.76,105.54,76.95
47,7,640.85,29.44,63.08,35.347
48,3,1.0,269.44,170.67,146.49
48,4,634.13,6.72,192.15,148.09
48,5,372.91,97.493,93.58,53.477
48,6,400.85,104.32,107.67,77.16
48,7,637.44,29.013,64.36,36.627
49,3,1.0,274.56,156.8,144.57
49,4,637.87,1.0,189.37,151.04
49,5,365.23,99.84,97.21,53.05
49,6,393.81,106.88,109.8,77.37
49,7,634.03,28.587,65.64,37.906
50,3,1.0,279.68,142.93,142.65
50,4,641.6,1.0,186.6,148.27
50,5,357.55,102.19,100.84,52.62
50,6,386.77,109.44,111.94,77.59
50,7,630.61,28.16,66.92,39.187
51,3,1.0,284.8,129.07,140.73
51,4,645.33,1.0,183.83,145.49
51,5,349.87,104.53,104.46,52.2
51,6,379.73,112.0,114.07,77.8
51,7,627.2,27.733,68.2,40.467
52,3,1.0,291.63,112.43,136.46
52,4,649.07,1.0,181.05,142.72
52,5,344.32,107.31,102.55,51.13
52,6,370.13,115.84,115.99,79.29
52,7,625.71,28.8,67.13,42.173
53,3,1.0,298.45,95.787,132.2
53,4,652.8,1.0,178.28,139.95
53,5,338.77,110.08,100.63,50.07
53,6,360.53,119.68,117.91,80.79
53,7,624.21,29.867,66.07,43.88
54,3,1.0,305.28,79.147,127.93
54,4,656.53,1.0,175.51,137.17
54,5,333.23,112.85,98.7,49.0
54,6,350.93,123.52,119.83,82.28
54,7,622.72,30.933,65.0,45.587
55,3,1.0,312.11,62.507,123.66
55,4,660.27,1.0,172.73,134.4
55,5,327.68,115.63,96.79,47.93
55,6,341.33,127.36,121.75,83.77
55,7,621.23,32.0,63.93,47.293
56,3,1.0,318.93,45.867,119.4
56,4,663.18,1.0,171.08,132.56
56,5,322.13,118.4,94.87,46.87
56,6,331.73,131.2,123.67,85.27
56,7,619.73,33.067,62.87,49.0
57,4,666.08,1.0,169.44,130.72
57,5,315.09,120.11,94.87,48.36
57,6,320.85,131.63,127.72,91.88
57,7,615.04,34.773,66.28,48.574
58,4,668.99,1.0,167.79,128.87
58,5,308.05,121.81,94.87,49.86
58,6,309.97,132.05,131.78,98.5
58,7,610.35,36.48,69.69,48.147
59,4,671.9,1.0,166.14,127.03
59,5,301.01,123.52,94.87,51.35
59,6,299.09,132.48,135.83,105.11
59,7,605.65,38.187,73.11,47.72
60,4,674.81,1.0,164.49,125.19
60,5,293.97,125.23,94.87,52.84
60,6,288.21,132.91,139.88,111.72
60,7,600.96,39.893,76.52,47.294
61,4,677.72,1.0,162.84,123.35
61,5,286.93,126.93,94.87,54.34
61,6,277.33,133.33,143.94,118.34
61,7,596.27,41.6,79.93,46.867
62,4,680.63,1.0,161.19,121.5
62,5,278.4,129.07,99.99,55.61
62,6,270.08,139.73,141.59,116.42
62,7,592.85,41.6,81.86,48.147
63,4,683.54,1.0,159.54,119.66
63,5,269.87,131.2,105.1,56.89
63,6,262.83,146.13,139.24,114.5
63,7,589.44,41.6,83.77,49.427
64,4,686.45,1.0,157.9,117.82
64,5,261.33,133.33,110.23,58.18
64,6,255.57,152.53,136.9,112.58
64,7,586.03,41.6,85.69,50.707
65,4,689.36,1.0,156.25,115.98
65,5,252.8,135.47,115.35,59.45
65,6,248.32,158.93,134.55,110.66
65,7,582.61,41.6,87.62,51.987
66,4,692.27,1.0,154.6,114.13
66,5,244.27,137.6,120.46,60.73
66,6,241.07,165.33,132.2,108.74
66,7,579.2,41.6,89.53,53.267
67,4,694.88,1.0,153.34,112.29
67,5,240.43,139.31,118.12,60.52
67,6,229.12,167.68,133.48,109.59
67,7,576.0,43.947,89.32,53.693
68,4,697.5,1.0,152.08,110.45
68,5,236.59,141.01,115.77,60.31
68,6,217.17,170.03,134.76,110.44
68,7,572.8,46.293,89.11,54.12
69,4,700.12,1.0,150.82,108.61
69,5,232.75,142.72,113.42,60.09
69,6,205.23,172.37,136.04,111.3
69,7,569.6,48.64,88.89,54.55
70,4,702.74,1.0,149.56,106.76
70,5,228.91,144.43,111.08,59.88
70,6,193.28,174.72,137.32,112.15
70,7,566.4,50.987,88.68,54.973
71,4,705.36,1.0,148.29,104.92
71,5,225.07,146.13,108.73,59.67
71,6,181.33,177.07,138.6,113.0
71,7,563.2,53.333,88.47,55.397
72,4,707.98,1.0,147.03,103.08
72,5,216.11,151.04,108.94,58.39
72,6,163.84,182.19,148.41,116.2
72,7,559.36,53.973,87.83,54.757
73,4,710.59,1.0,145.78,101.24
73,5,207.15,155.95,109.16,57.1
73,6,146.35,187.31,158.22,119.4
73,7,555.52,54.613,87.19,54.117
74,4,713.21,1.0,144.52,99.394
74,5,198.19,160.85,109.37,55.83
74,6,128.85,192.43,168.04,122.6
74,7,551.68,55.253,86.55,53.477
75,4,715.83,1.0,143.25,97.552
75,5,189.23,165.76,109.58,54.55
75,6,111.36,197.55,177.85,125.8
75,7,547.84,55.893,85.91,52.837
76,4,718.45,1.0,141.99,95.709
76,5,180.27,170.67,109.8,53.26
76,6,93.867,202.67,187.663,129.0
76,7,544.0,56.533,85.27,52.197
76,8,689.07,8.5333,52.2,41.5337
77,4,721.07,1.0,140.73,93.867
77,5,169.81,172.8,112.58,55.83
77,6,80.64,207.15,191.29,129.42
77,7,541.01,57.6,85.91,53.05
77,8,687.15,9.6,50.49,40.04
78,4,723.78,1.0,139.57,92.218
78,5,159.36,174.93,115.35,58.39
78,6,67.413,211.63,194.917,129.85
78,7,538.03,58.667,86.54,53.903
78,8,685.23,10.667,48.78,38.546
79,4,726.5,1.0,138.4,90.57
79,5,148.91,177.07,118.12,60.94
79,6,54.187,216.11,198.543,130.28
79,7,535.04,59.733,87.19,54.757
79,8,683.31,11.733,47.08,37.054
80,4,729.21,1.0,137.24,88.921
80,5,138.45,179.2,120.9,63.51
80,6,40.96,220.59,202.17,130.7
80,7,532.05,60.8,87.83,55.61
80,8,681.39,12.8,45.37,35.56
81,4,731.93,1.0,136.08,87.273
81,5,128.0,181.33,123.67,66.07
81,6,27.733,225.07,205.797,131.13
81,7,529.07,61.867,88.46,56.463
81,8,679.47,13.867,43.66,34.066
81,9,711.47,12.8,36.2,40.467
82,4,734.64,1.0,134.92,85.624
82,5,117.97,185.81,124.31,65.64
82,6,22.613,231.47,196.197,133.9
82,7,523.95,62.72,89.53,56.89
82,8,677.76,13.653,44.09,35.134
82,9,708.91,13.867,39.4,40.68
83,4,737.36,1.0,133.75,83.976
83,5,107.95,190.29,124.94,65.22
83,6,17.493,237.87,186.597,136.68
83,7,518.83,63.573,90.6,57.317
83,8,676.05,13.44,44.52,36.2
83,9,706.35,14.933,42.6,40.894
84,4,740.07,1.0,132.59,82.327
84,5,97.92,194.77,125.59,64.79
84,6,12.373,244.27,176.997,139.45
84,7,513.71,64.427,91.66,57.743
84,8,674.35,13.227,44.94,37.266
84,9,703.79,16.0,45.8,41.107
85,4,742.79,1.0,131.42,80.679
85,5,87.893,199.25,126.227,64.36
85,6,1.0,250.67,173.65,142.22
85,7,508.59,65.28,92.73,58.17
85,8,672.64,13.013,45.37,38.334
85,9,701.23,17.067,49.0,41.32
86,4,745.5,1.0,130.26,79.03
86,5,77.867,203.73,126.863,63.94
86,6,1.0,257.07,158.93,145.0
86,7,503.47,66.133,93.8,58.597
86,8,670.93,12.8,45.8,39.4
86,9,698.67,18.133,52.2,41.534
87,4,748.22,1.0,129.1,77.382
87,5,63.573,207.79,133.267,65.21
87,6,1.0,260.27,142.29,143.08
87,7,500.48,67.84,92.95,59.67
87,8,669.01,13.653,46.66,39.4
87,9,695.25,19.413,54.76,43.454
88,4,750.93,1.0,127.94,75.733
88,5,49.28,211.84,139.67,66.49
88,6,1.0,263.47,125.65,141.16
88,7,497.49,69.547,92.1,60.733
88,8,667.09,14.507,47.51,39.4
88,9,691.84,20.693,57.32,45.374
89,4,752.87,1.0,127.16,74.57
89,5,34.987,215.89,146.063,67.78
89,6,1.0,266.67,109.01,139.24
89,7,494.51,71.253,91.24,61.797
89,8,665.17,15.36,48.36,39.4
89,9,688.43,21.973,59.88,47.294
90,4,754.81,1.0,126.38,73.406
90,5,20.693,219.95,152.467,69.05
90,6,1.0,269.87,92.373,137.32
90,7,491.52,72.96,90.39,62.87
90,8,663.25,16.213,49.22,39.4
90,9,685.01,23.253,62.44,49.214
91,4,756.75,1.0,125.61,72.242
91,5,1.0,224.0,164.27,70.33
91,6,1.0,273.07,75.733,135.4
91,7,488.53,74.667,89.54,63.933
91,8,661.33,17.067,50.07,39.4
91,9,681.6,24.533,65.0,51.134
92,4,758.69,1.0,124.83,71.079
92,5,1.0,226.77,154.67,75.24
92,7,483.63,76.587,91.02,65.213
92,8,659.84,18.133,50.49,39.614
92,9,677.55,25.813,65.85,50.92
93,4,760.63,1.0,124.05,69.915
93,5,1.0,229.55,145.07,80.14
93,7,478.72,78.507,92.52,66.493
93,8,658.35,19.2,50.92,39.827
93,9,673.49,27.093,66.71,50.707
94,4,762.57,1.0,123.28,68.752
94,5,1.0,232.32,135.47,85.05
94,7,473.81,80.427,94.02,67.773
94,8,656.85,20.267,51.35,40.04
94,9,669.44,28.373,67.56,50.494
95,4,764.51,1.0,122.5,67.588
95,5,1.0,235.09,125.87,89.96
95,7,468.91,82.347,95.5,69.053
95,8,655.36,21.333,51.77,40.254
95,9,665.39,29.653,68.41,50.28
96,4,766.45,1.0,121.73,66.424
96,5,1.0,237.87,116.27,94.86
96,7,464.0,84.267,97.0,70.333
96,8,653.87,22.4,52.2,40.467
96,9,661.33,30.933,69.27,50.067
97,4,768.39,1.0,120.95,65.261
97,5,1.0,242.77,104.75,90.6
97,7,458.67,86.4,97.85,68.41
97,8,650.67,23.253,53.26,39.827
97,9,656.43,32.64,70.97,50.707
98,4,770.33,1.0,120.17,64.097
98,5,1.0,247.68,93.227,86.33
98,7,453.33,88.533,98.71,66.497
98,8,647.47,24.107,54.33,39.186
98,9,651.52,34.347,72.68,51.346
99,4,772.27,1.0,119.4,62.933
99,5,1.0,252.59,81.707,82.06
99,7,448.0,90.667,99.56,64.573
99,8,644.27,24.96,55.4,38.547
99,9,646.61,36.053,74.39,51.987
100,4,774.13,1.0,118.51,61.511
100,5,1.0,257.49,70.187,77.8
100,7,442.67,92.8,100.41,62.65
100,8,641.07,25.813,56.46,37.907
100,9,641.71,37.76,76.09,52.627
101,4,776.0,1.0,117.62,60.089
101,5,1.0,262.4,58.667,73.53
101,7,437.33,94.933,101.27,60.737
101,8,637.87,26.667,57.53,37.266
101,9,636.8,39.467,77.8,53.266
101,10,707.2,1.0,55.4,38.4
102,4,777.87,1.0,116.73,58.667
102,7,430.08,96.427,103.19,62.653
102,8,635.52,27.733,59.45,36.627
102,9,631.89,41.173,79.08,53.694
102,10,705.92,1.0,55.61,39.467
103,4,779.73,1.0,115.85,57.244
103,7,422.83,97.92,105.1,64.57
103,8,633.17,28.8,61.38,35.987
103,9,626.99,42.88,80.36,54.12
103,10,704.64,6.4,55.83,35.133
104,4,781.6,1.0,114.96,55.822
104,7,415.57,99.413,107.03,66.497
104,8,630.83,29.867,63.29,35.346
104,9,622.08,44.587,81.64,54.546
104,10,703.36,7.4667,56.04,35.1333
105,4,783.47,1.0,114.06,54.4
105,7,408.32,100.91,108.95,68.41
105,8,628.48,30.933,65.21,34.707
105,9,617.17,46.293,82.92,54.977
105,10,702.08,8.5333,56.25,35.1337
106,4,785.33,1.0,113.18,52.978
106,7,401.07,102.4,110.86,70.33
106,8,626.13,32.0,67.14,34.067
106,9,612.27,48.0,84.2,55.4
106,10,700.8,9.6,56.47,35.133
107,4,787.2,1.0,112.29,51.556
107,7,397.44,104.53,110.01,68.84
107,8,624.43,33.067,66.28,34.706
107,9,607.36,49.707,85.27,55.613
107,10,699.31,10.027,56.89,35.133
108,4,789.07,1.0,111.4,50.133
108,7,393.81,106.67,109.16,67.34
108,8,622.72,34.133,65.43,35.347
108,9,602.45,51.413,86.34,55.827
108,10,697.81,10.453,57.32,35.134
109,4,790.93,1.0,110.51,48.711
109,7,390.19,108.8,108.3,65.85
109,8,621.01,35.2,64.58,35.987
109,9,597.55,53.12,87.4,56.04
109,10,696.32,10.88,57.75,35.133
110,4,792.8,1.0,109.62,47.289
110,7,386.56,110.93,107.45,64.36
110,8,619.31,36.267,63.72,36.626
110,9,592.64,54.827,88.47,56.253
110,10,694.83,11.307,58.17,35.133
111,4,794.67,1.0,108.73,45.867
111,7,382.93,113.07,106.6,62.86
111,8,617.6,37.333,62.87,37.267
111,9,587.73,56.533,89.54,56.467
111,10,693.33,11.733,58.6,35.134
112,4,796.59,1.0,107.34,45.333
112,7,374.19,115.63,110.22,65.85
112,8,615.47,37.973,63.08,37.694
112,9,582.4,58.24,89.53,57.96
112,10,692.05,12.16,58.82,35.133
113,4,798.51,1.0,105.96,44.8
113,7,365.44,118.19,113.85,68.84
113,8,613.33,38.613,63.3,38.12
113,9,577.07,59.947,89.53,59.453
113,10,690.77,12.587,59.03,35.133
114,4,800.43,1.0,104.57,44.267
114,7,356.69,120.75,117.48,71.82
114,8,611.2,39.253,63.51,38.547
114,9,571.73,61.653,89.54,60.947
114,10,689.49,13.013,59.24,35.134
115,4,802.35,1.0,103.18,43.733
115,7,347.95,123.31,121.1,74.81
115,8,609.07,39.893,63.72,38.974
115,9,566.4,63.36,89.53,62.44
115,10,688.21,13.44,59.46,35.133
116,4,804.27,1.0,101.8,43.2
116,7,339.2,125.87,124.73,77.8
116,8,606.93,40.533,63.94,39.4
116,9,561.07,65.067,89.53,63.933
116,10,686.93,13.867,59.67,35.133
117,4,806.19,1.0,100.41,42.667
117,7,331.95,129.49,128.14,77.38
117,8,602.88,41.813,65.0,39.827
117,9,556.37,67.627,91.24,64.143
117,10,684.8,14.933,59.67,35.347
118,4,808.11,1.0,99.02,42.133
118,7,324.69,133.12,131.56,76.95
118,8,598.83,43.093,66.06,40.254
118,9,551.68,70.187,92.95,64.363
118,10,682.67,16.0,59.66,35.56
119,4,810.03,1.0,97.64,41.6
119,7,317.44,136.75,134.97,76.52
119,8,594.77,44.373,67.14,40.68
119,9,546.99,72.747,94.65,64.573
119,10,680.53,17.067,59.67,35.773
120,4,811.95,1.0,96.25,41.067
120,7,310.19,140.37,138.38,76.1
120,8,590.72,45.653,68.2,41.107
120,9,542.29,75.307,96.36,64.783
120,10,678.4,18.133,59.67,35.987
121,4,813.87,1.0,94.86,40.533
121,7,302.93,144.0,141.8,75.67
121,8,586.67,46.933,69.26,41.534
121,9,537.6,77.867,98.07,65.003
121,10,676.27,19.2,59.66,36.2
122,7,293.76,145.28,145.21,76.73
122,8,583.47,47.36,71.18,43.24
122,9,532.48,80.213,97.43,65.857
122,10,675.63,19.627,58.81,37.266
123,7,284.59,146.56,148.62,77.8
123,8,580.27,47.787,73.1,44.946
123,9,527.36,82.56,96.79,66.71
123,10,674.99,20.053,57.96,38.334
124,7,275.41,147.84,152.04,78.87
124,8,577.07,48.213,75.02,46.654
124,9,522.24,84.907,96.15,67.563
124,10,674.35,20.48,57.1,39.4
125,7,266.24,149.12,155.45,79.93
125,8,573.87,48.64,76.94,48.36
125,9,517.12,87.253,95.51,68.417
125,10,673.71,20.907,56.25,40.466
126,7,257.07,150.4,158.86,81.0
126,8,570.67,49.067,78.86,50.066
126,9,512.0,89.6,94.87,69.27
126,10,673.07,21.333,55.4,41.534
126,11,747.73,1.0,56.47,41.6
127,7,250.88,153.6,157.59,82.71
127,8,567.68,50.987,78.87,50.283
127,9,504.11,91.947,96.36,69.903
127,10,670.51,21.973,55.18,41.32
127,11,746.45,6.4,56.26,37.267
128,7,244.69,156.8,156.31,84.41
128,8,564.69,52.907,78.87,50.493
128,9,496.21,94.293,97.86,70.547
128,10,667.95,22.613,54.97,41.107
128,11,745.17,7.4667,56.04,37.2663
129,7,238.51,160.0,155.02,86.12
129,8,561.71,54.827,78.86,50.703
129,9,488.32,96.64,99.35,71.19
129,10,665.39,23.253,54.76,40.894
129,11,743.89,8.5333,55.83,37.2667
130,7,232.32,163.2,153.75,87.83
130,8,558.72,56.747,78.87,50.923
130,9,480.43,98.987,100.84,71.823
130,10,662.83,23.893,54.54,40.68
130,11,742.61,9.6,55.62,37.267
131,7,226.13,166.4,152.47,89.53
131,8,555.73,58.667,78.87,51.133
131,9,472.53,101.33,102.34,72.47
131,10,660.27,24.533,54.33,40.467
131,11,741.33,10.667,55.4,37.266
132,7,213.55,170.45,156.73,89.32
132,8,552.11,59.733,78.65,52.197
132,9,464.64,103.68,103.61,76.95
132,10,657.49,24.96,56.47,41.747
132,11,739.2,11.307,54.55,36.84
133,7,200.96,174.51,161.0,89.1
133,8,548.48,60.8,78.44,53.27
133,9,456.75,106.03,104.89,81.42
133,10,654.72,25.387,58.6,43.026
133,11,737.07,11.947,53.69,36.413
134,7,188.37,178.56,165.27,88.89
134,8,544.85,61.867,78.23,54.333
134,9,448.85,108.37,106.18,85.91
134,10,651.95,25.813,60.73,44.307
134,11,734.93,12.587,52.84,35.986
135,7,175.79,182.61,169.53,88.68
135,8,541.23,62.933,78.01,55.397
135,9,440.96,110.72,107.45,90.39
135,10,649.17,26.24,62.87,45.587
135,11,732.8,13.227,51.99,35.56
136,7,163.2,186.67,173.8,88.46
136,8,537.6,64.0,77.8,56.47
136,9,433.07,113.07,108.73,94.86
136,10,646.4,26.667,65.0,46.866
136,11,730.67,13.867,51.13,35.133
137,7,153.17,189.01,174.66,94.44
137,8,533.55,65.28,78.44,56.04
137,9,422.83,116.27,112.57,93.58
137,10,644.48,27.307,64.15,47.293
137,11,728.11,14.08,52.41,37.907
138,7,143.15,191.36,175.5,100.41
138,8,529.49,66.56,79.08,55.61
138,9,412.59,119.47,116.41,92.3
138,10,642.56,27.947,63.29,47.72
138,11,725.55,14.293,53.69,40.68
139,7,133.12,193.71,176.36,106.38
139,8,525.44,67.84,79.72,55.19
139,9,402.35,122.67,120.25,91.02
139,10,640.64,28.587,62.44,48.146
139,11,722.99,14.507,54.97,43.453
140,7,123.09,196.05,177.22,112.36
140,8,521.39,69.12,80.36,54.76
140,9,392.11,125.87,124.09,89.74
140,10,638.72,29.227,61.59,48.573
140,11,720.43,14.72,56.25,46.227
141,7,113.07,198.4,178.06,118.33
141,8,517.33,70.4,81.0,54.33
141,9,381.87,129.07,127.93,88.46
141,10,636.8,29.867,60.73,49.0
141,11,717.87,14.933,57.53,49.0
142,7,101.12,203.73,182.76,113.64
142,8,513.49,71.04,82.28,56.47
142,9,371.84,131.41,131.56,91.88
142,10,633.6,30.293,62.44,49.427
142,11,714.88,16.64,57.75,47.507
143,7,89.173,209.07,187.457,108.94
143,8,509.65,71.68,83.56,58.6
143,9,361.81,133.76,135.19,95.29
143,10,630.4,30.72,64.15,49.853
143,11,711.89,18.347,57.96,46.013
144,7,77.227,214.4,192.143,104.25
144,8,505.81,72.32,84.84,60.73
144,9,351.79,136.11,138.81,98.7
144,10,627.2,31.147,65.85,50.28
144,11,708.91,20.053,58.17,44.52
145,7,65.28,219.73,196.84,99.56
145,8,501.97,72.96,86.12,62.87
145,9,341.76,138.45,142.44,102.12
145,10,624.0,31.573,67.56,50.707
145,11,705.92,21.76,58.39,43.027
146,7,53.333,225.07,201.537,94.86
146,8,498.13,73.6,87.4,65.0
146,9,331.73,140.8,146.07,105.53
146,10,620.8,32.0,69.27,51.133
146,11,702.93,23.467,58.6,41.533
147,7,42.667,228.69,204.733,98.07
147,8,494.08,76.373,86.97,63.297
147,9,319.36,146.35,146.71,106.17
147,10,618.45,32.853,68.84,50.28
147,11,699.52,24.32,60.09,43.027
148,7,32.0,232.32,207.93,101.27
148,8,490.03,79.147,86.54,61.583
148,9,306.99,151.89,147.34,106.82
148,10,616.11,33.707,68.41,49.426
148,11,696.11,25.173,61.58,44.52
149,7,21.333,235.95,211.137,104.46
149,8,485.97,81.92,86.12,59.88
149,9,294.61,157.44,147.99,107.45
149,10,613.76,34.56,67.99,48.573
149,11,692.69,26.027,63.08,46.013
150,7,1.0,239.57,224.0,107.67
150,8,481.92,84.693,85.69,58.177
150,9,282.24,162.99,148.63,108.09
150,10,611.41,35.413,67.56,47.72
150,11,689.28,26.88,64.57,47.507
151,7,1.0,243.2,216.53,110.87
151,8,477.87,87.467,85.26,56.463
151,9,269.87,168.53,149.26,108.74
151,10,609.07,36.267,67.13,46.866
151,11,685.87,27.733,66.06,49.0
152,7,1.0,247.25,203.09,113.0
152,8,472.53,88.96,86.12,57.11
152,9,257.71,172.37,151.61,110.02
152,10,605.65,38.187,68.2,46.44
152,11,683.09,29.653,65.64,47.294
153,7,1.0,251.31,189.65,115.13
153,8,467.2,90.453,86.97,57.747
153,9,245.55,176.21,153.96,111.3
153,10,602.24,40.107,69.27,46.013
153,11,680.32,31.573,65.21,45.587
154,7,1.0,255.36,176.21,117.27
154,8,461.87,91.947,87.82,58.383
154,9,233.39,180.05,156.3,112.58
154,10,598.83,42.027,70.33,45.586
154,11,677.55,33.493,64.78,43.88
155,7,1.0,259.41,162.77,119.4
155,8,456.53,93.44,88.68,59.03
155,9,221.23,183.89,158.65,113.86
155,10,595.41,43.947,71.4,45.16
155,11,674.77,35.413,64.36,42.174
156,7,1.0,263.47,149.33,121.53
156,8,451.2,94.933,89.53,59.667
156,9,209.07,187.73,161.0,115.14
156,10,592.0,45.867,72.47,44.733
156,11,672.0,37.333,63.93,40.467
157,7,1.0,266.45,139.73,117.91
157,8,445.01,96.64,91.88,60.95
157,9,193.28,193.92,166.76,117.05
157,10,588.8,46.507,74.39,46.226
157,11,668.8,37.76,63.93,42.813
158,7,1.0,269.44,130.13,114.28
158,8,438.83,98.347,94.22,62.223
158,9,177.49,200.11,172.52,118.97
158,10,585.6,47.147,76.31,47.72
158,11,665.6,38.187,63.93,45.16
159,7,1.0,272.43,120.53,110.65
159,8,432.64,100.05,96.57,63.51
159,9,161.71,206.29,178.28,120.9
159,10,582.4,47.787,78.23,49.213
159,11,662.4,38.613,63.93,47.507
160,7,1.0,275.41,110.93,107.03
160,8,426.45,101.76,98.92,64.79
160,9,145.92,212.48,184.04,122.81
160,10,579.2,48.427,80.15,50.706
160,11,659.2,39.04,63.93,49.853
161,7,1.0,278.4,101.33,103.4
161,8,420.27,103.47,101.26,66.06
161,9,130.13,218.67,189.8,124.73
161,10,576.0,49.067,82.07,52.203
161,11,656.0,39.467,63.93,52.2
162,7,1.0,284.16,88.32,99.77
162,8,414.08,105.6,104.04,66.28
162,9,110.93,223.79,196.84,126.44
162,10,572.37,50.347,80.79,51.983
162,11,651.09,41.173,65.43,51.987
163,7,1.0,289.92,75.307,96.15
163,8,407.89,107.73,106.82,66.5
163,9,91.733,228.91,203.877,128.14
163,10,568.75,51.627,79.5,51.773
163,11,646.19,42.88,66.92,51.773
164,7,1.0,295.68,62.293,92.52
164,8,401.71,109.87,109.58,66.7
164,9,72.533,234.03,210.917,129.85
164,10,565.12,52.907,78.23,51.563
164,11,641.28,44.587,68.41,51.56
165,7,1.0,301.44,49.28,88.89
165,8,395.52,112.0,112.36,66.92
165,9,53.333,239.15,217.957,131.56
165,10,561.49,54.187,76.95,51.343
165,11,636.37,46.293,69.91,51.347
166,7,1.0,307.2,36.267,85.27
166,8,389.33,114.13,115.14,67.14
166,9,34.133,244.27,224.997,133.26
166,10,557.87,55.467,75.66,51.133
166,11,631.47,48.0,71.4,51.133
167,8,382.93,115.84,114.5,70.33
167,9,27.307,250.88,217.963,136.68
167,10,554.24,56.533,76.31,51.987
167,11,626.77,50.133,72.9,51.557
168,8,376.53,117.55,113.86,73.53
168,9,20.48,257.49,210.92,140.1
168,10,550.61,57.6,76.95,52.84
168,11,622.08,52.267,74.39,51.983
169,8,370.13,119.25,113.22,76.74
169,9,13.653,264.11,203.877,143.5
169,10,546.99,58.667,77.58,53.693
169,11,617.39,54.4,75.88,52.41
170,8,363.73,120.96,112.58,79.93
170,9,1.0,270.72,202.67,146.92
170,10,543.36,59.733,78.23,54.547
170,11,612.69,56.533,77.38,52.837
171,8,357.33,122.67,111.94,83.13
171,9,1.0,277.33,188.8,150.34
171,10,539.73,60.8,78.87,55.4
171,11,608.0,58.667,78.87,53.263
172,8,351.15,124.8,113.0,83.56
172,9,1.0,283.73,170.88,146.07
172,10,536.96,62.72,79.08,54.55
172,11,603.73,60.373,78.87,55.187
173,8,344.96,126.93,114.07,83.99
173,9,1.0,290.13,152.96,141.8
173,10,534.19,64.64,79.29,53.69
173,11,599.47,62.08,78.86,57.11
174,8,338.77,129.07,115.14,84.41
174,9,1.0,296.53,135.04,137.54
174,10,531.41,66.56,79.51,52.84
174,11,595.2,63.787,78.87,59.023
175,8,332.59,131.2,116.2,84.84
175,9,1.0,302.93,117.12,133.27
175,10,528.64,68.48,79.72,51.99
175,11,590.93,65.493,78.87,60.947
176,8,326.4,133.33,117.27,85.27
176,9,1.0,309.33,99.2,129.0
176,10,525.87,70.4,79.93,51.13
176,11,586.67,67.2,78.86,62.87
177,8,317.65,136.53,120.04,83.99
177,10,521.17,71.04,80.15,52.41
177,11,581.97,68.907,80.15,62.223
178,8,308.91,139.73,122.81,82.71
178,10,516.48,71.68,80.36,53.69
178,11,577.28,70.613,81.43,61.587
179,8,300.16,142.93,125.59,81.43
179,10,511.79,72.32,80.57,54.97
179,11,572.59,72.32,82.7,60.95
180,8,291.41,146.13,128.36,80.15
180,10,507.09,72.96,80.79,56.25
180,11,567.89,74.027,83.99,60.303
181,8,282.67,149.33,131.13,78.87
181,10,502.4,73.6,81.0,57.53
181,11,563.2,75.733,85.27,59.667
182,8,274.13,152.75,132.42,79.5
182,10,498.35,75.733,82.28,57.107
182,11,558.51,78.08,86.76,60.52
183,8,265.6,156.16,133.69,80.15
183,10,494.29,77.867,83.56,56.683
183,11,553.81,80.427,88.26,61.373
184,8,257.07,159.57,134.97,80.79
184,10,490.24,80.0,84.84,56.25
184,11,549.12,82.773,89.75,62.227
185,8,248.53,162.99,136.26,81.42
185,10,486.19,82.133,86.12,55.827
185,11,544.43,85.12,91.24,63.08
186,8,240.0,166.4,137.53,82.07
186,10,482.13,84.267,87.4,55.403
186,11,539.73,87.467,92.74,63.933
187,8,229.33,168.96,140.52,83.56
187,10,476.59,85.333,88.89,56.037
187,11,532.69,90.027,94.02,63.933
188,8,218.67,171.52,143.5,85.05
188,10,471.04,86.4,90.39,56.68
188,11,525.65,92.587,95.3,63.933
189,8,208.0,174.08,146.49,86.55
189,10,465.49,87.467,91.88,57.323
189,11,518.61,95.147,96.58,63.933
190,8,197.33,176.64,149.48,88.04
190,10,459.95,88.533,93.37,57.957
190,11,511.57,97.707,97.86,63.933
191,8,186.67,179.2,152.46,89.53
191,10,454.4,89.6,94.87,58.6
191,11,504.53,100.27,99.14,63.93
192,8,176.85,182.61,155.46,89.96
192,10,449.49,91.733,95.72,59.877
192,11,497.07,102.83,100.84,63.08
193,8,167.04,186.03,158.44,90.38
193,10,444.59,93.867,96.57,61.163
193,11,489.6,105.39,102.55,62.22
194,8,157.23,189.44,161.42,90.81
194,10,439.68,96.0,97.43,62.44
194,11,482.13,107.95,104.26,61.37
195,8,147.41,192.85,164.42,91.24
195,10,434.77,98.133,98.28,63.717
195,11,474.67,110.51,105.96,60.52
196,8,137.6,196.27,167.4,91.66
196,10,429.87,100.27,99.13,65.0
196,11,467.2,113.07,107.67,59.66
197,8,127.36,200.75,169.96,93.16
197,10,424.32,101.97,102.12,63.51
197,11,458.88,116.05,111.72,63.08
198,8,117.12,205.23,172.52,94.65
198,10,418.77,103.68,105.11,62.01
198,11,450.56,119.04,115.77,66.49
199,8,106.88,209.71,175.08,96.14
199,10,413.23,105.39,108.09,60.52
199,11,442.24,122.03,119.83,69.9
200,8,96.64,214.19,177.64,97.64
200,10,407.68,107.09,111.08,59.03
200,11,433.92,125.01,123.88,73.32
201,8,86.4,218.67,180.2,99.13
201,10,402.13,108.8,114.07,57.53
201,11,425.6,128.0,127.93,76.73
202,8,74.027,222.08,183.403,101.05
202,10,397.44,110.29,113.85,59.24
202,11,418.56,131.41,127.93,75.03
203,8,61.653,225.49,186.597,102.98
203,10,392.75,111.79,113.64,60.94
203,11,411.52,134.83,127.93,73.32
204,8,49.28,228.91,189.8,104.89
204,10,388.05,113.28,113.43,62.65
204,11,404.48,138.24,127.93,71.61
205,8,36.907,232.32,193.003,106.81
205,10,383.36,114.77,113.21,64.36
205,11,397.44,141.65,127.93,69.91
206,8,24.533,235.73,196.197,108.74
206,10,378.67,116.27,113.0,66.06
206,11,390.4,145.07,127.93,68.2
207,8,20.267,239.36,190.653,110.44
207,10,370.56,117.97,116.84,66.28
207,11,378.67,147.84,132.62,72.89
208,8,16.0,242.99,185.11,112.14
208,10,362.45,119.68,120.68,66.49
208,11,366.93,150.61,137.32,77.59
209,8,1.0,246.61,190.29,113.86
209,10,354.35,121.39,124.52,66.7
209,11,355.2,153.39,142.01,82.28
210,8,1.0,250.24,180.48,115.56
210,10,346.24,123.09,128.36,66.92
210,11,343.47,156.16,146.7,86.97
211,8,1.0,253.87,170.67,117.26
211,10,338.13,124.8,132.2,67.13
211,11,331.73,158.93,151.4,91.67
212,8,1.0,257.92,160.85,115.56
212,10,332.8,127.57,131.56,66.71
212,11,321.07,162.56,154.6,93.16
213,8,1.0,261.97,151.04,113.86
213,10,327.47,130.35,130.92,66.28
213,11,310.4,166.19,157.8,94.65
214,8,1.0,266.03,141.23,112.14
214,10,322.13,133.12,130.28,65.85
214,11,299.73,169.81,161.0,96.15
215,8,1.0,270.08,131.41,110.44
215,10,316.8,135.89,129.64,65.43
215,11,289.07,173.44,164.2,97.64
216,8,1.0,274.13,121.6,108.74
216,10,311.47,138.67,129.0,65.0
216,11,278.4,177.07,167.4,99.13
216,12,695.47,6.4,51.13,38.333
217,8,1.0,279.89,111.15,102.76
217,10,304.0,142.08,130.49,64.57
217,11,270.29,182.61,162.71,97.64
217,12,692.69,7.2533,52.84,37.9067
218,8,1.0,285.65,100.69,96.79
218,10,296.53,145.49,131.99,64.15
218,11,262.19,188.16,158.01,96.15
218,12,689.92,8.1067,54.55,37.4803
219,8,1.0,291.41,90.24,90.82
219,10,289.07,148.91,133.48,63.72
219,11,254.08,193.71,153.32,94.65
219,12,687.15,8.96,56.25,37.053
220,8,1.0,297.17,79.787,84.84
220,10,281.6,152.32,134.97,63.29
220,11,245.97,199.25,148.63,93.16
220,12,684.37,9.8133,57.96,36.6267
221,8,1.0,302.93,69.333,78.87
221,10,274.13,155.73,136.47,62.87
221,11,237.87,204.8,143.93,91.67
221,12,681.6,10.667,59.67,36.2
222,10,266.88,157.44,137.11,64.15
222,11,219.95,209.07,155.88,95.93
222,12,679.25,11.52,59.67,38.12
223,10,259.63,159.15,137.74,65.42
223,11,202.03,213.33,167.82,100.2
223,12,676.91,12.373,59.66,40.04
224,10,252.37,160.85,138.39,66.71
224,11,184.11,217.6,179.77,104.47
224,12,674.56,13.227,59.67,41.96
225,10,245.12,162.56,139.03,67.99
225,11,166.19,221.87,191.72,108.73
225,12,672.21,14.08,59.67,43.88
226,10,237.87,164.27,139.66,69.26
226,11,148.27,226.13,203.66,113.0
226,12,669.87,14.933,59.66,45.8
227,10,227.84,168.53,144.15,70.76
227,11,135.25,232.32,204.31,114.28
227,12,666.45,16.853,60.31,44.307
228,10,217.81,172.8,148.63,72.25
228,11,122.24,238.51,204.95,115.56
228,12,663.04,18.773,60.95,42.814
229,10,207.79,177.07,153.1,73.74
229,11,109.23,244.69,205.58,116.84
229,12,659.63,20.693,61.58,41.32
230,10,197.76,181.33,157.59,75.24
230,11,96.213,250.88,206.227,118.12
230,12,656.21,22.613,62.23,39.827
231,10,187.73,185.6,162.07,76.73
231,11,83.2,257.07,206.87,119.4
231,12,652.8,24.533,62.87,38.334
232,10,178.35,187.95,163.56,79.5
232,11,66.773,262.83,210.917,122.17
232,12,650.67,24.533,64.14,40.467
233,10,168.96,190.29,165.05,82.28
233,11,50.347,268.59,214.973,124.94
233,12,648.53,24.533,65.43,42.6
234,10,159.57,192.64,166.55,85.05
234,11,33.92,274.35,219.03,127.72
234,12,646.4,24.533,66.71,44.734
235,10,150.19,194.99,168.04,87.82
235,11,17.493,280.11,223.077,130.49
235,12,644.27,24.533,67.98,46.867
236,10,140.8,197.33,169.53,90.6
236,11,1.0,285.87,227.2,133.26
236,12,642.13,24.533,69.27,49.0
237,10,131.84,199.25,171.67,93.59
237,11,1.0,291.41,213.55,133.7
237,12,638.72,25.813,68.63,48.574
238,10,122.88,201.17,173.8,96.58
238,11,1.0,296.96,199.89,134.12
238,12,635.31,27.093,67.98,48.147
239,10,113.92,203.09,175.93,99.56
239,11,1.0,302.51,186.24,134.54
239,12,631.89,28.373,67.35,47.72
240,10,104.96,205.01,178.07,102.55
240,11,1.0,308.05,172.59,134.98
240,12,628.48,29.653,66.71,47.294
241,10,96.0,206.93,180.2,105.54
241,11,1.0,313.6,158.93,135.4
241,12,625.07,30.933,66.06,46.867
242,10,84.053,212.48,186.177,105.53
242,11,1.0,321.71,141.87,129.85
242,12,621.44,31.787,66.92,47.72
243,10,72.107,218.03,192.143,105.53
243,11,1.0,329.81,124.8,124.31
243,12,617.81,32.64,67.78,48.573
244,10,60.16,223.57,198.12,105.54
244,11,1.0,337.92,107.73,118.76
244,12,614.19,33.493,68.62,49.427
245,10,48.213,229.12,204.097,105.53
245,11,1.0,346.03,90.667,113.21
245,12,610.56,34.347,69.48,50.28
246,10,36.267,234.67,210.063,105.53
246,11,1.0,354.13,73.6,107.67
246,12,606.93,35.2,70.34,51.133
247,10,29.013,237.01,207.507,107.88
247,12,604.59,36.907,69.9,51.346
248,10,21.76,239.36,204.95,110.23
248,12,602.24,38.613,69.48,51.56
249,10,14.507,241.71,202.383,112.57
249,12,599.89,40.32,69.06,51.773
250,10,1.0,244.05,206.08,114.92
250,12,597.55,42.027,68.62,51.986
251,10,1.0,246.4,196.27,117.27
251,12,595.2,43.733,68.2,52.2
252,10,1.0,250.88,188.37,117.91
252,12,590.72,44.587,69.69,52.413
253,10,1.0,255.36,180.48,118.55
253,12,586.24,45.44,71.19,52.627
254,10,1.0,259.84,172.59,119.19
254,12,581.76,46.293,72.68,52.84
255,10,1.0,264.32,164.69,119.83
255,12,577.28,47.147,74.17,53.053
256,10,1.0,268.8,156.8,120.47
256,12,572.8,48.0,75.67,53.27
257,10,1.0,270.72,146.56,120.25
257,12,568.75,49.493,76.73,53.477
258,10,1.0,272.64,136.32,120.04
258,12,564.69,50.987,77.8,53.693
259,10,1.0,274.56,126.08,119.83
259,12,560.64,52.48,78.87,53.91
260,10,1.0,276.48,115.84,119.61
260,12,556.59,53.973,79.93,54.117
261,10,1.0,278.4,105.6,119.4
261,12,552.53,55.467,81.0,54.333
262,10,1.0,282.45,95.147,114.07
262,12,549.97,56.747,80.58,54.333
263,10,1.0,286.51,84.693,108.73
263,12,547.41,58.027,80.15,54.333
264,10,1.0,290.56,74.24,103.4
264,12,544.85,59.307,79.72,54.333
265,10,1.0,294.61,63.787,98.07
265,12,542.29,60.587,79.3,54.333
266,10,1.0,298.67,53.333,92.73
266,12,539.73,61.867,78.87,54.333
267,12,534.4,63.36,79.08,55.61
268,12,529.07,64.853,79.29,56.897
269,12,523.73,66.347,79.51,58.173
270,12,518.4,67.84,79.72,59.45
271,12,513.07,69.333,79.93,60.737
272,12,509.87,71.04,78.65,60.52
273,12,506.67,72.747,77.37,60.303
274,12,503.47,74.453,76.09,60.097
275,12,500.27,76.16,74.81,59.88
276,12,497.07,77.867,73.53,59.663
277,12,490.88,80.64,75.45,59.24
278,12,484.69,83.413,77.38,58.817
279,12,478.51,86.187,79.29,58.383
280,12,472.32,88.96,81.21,57.96
281,12,466.13,91.733,83.14,57.537
282,12,459.95,92.8,88.04,60.09
283,12,453.76,93.867,92.95,62.653
284,12,447.57,94.933,97.86,65.217
285,12,441.39,96.0,102.76,67.77
286,12,435.2,97.067,107.67,70.333
287,12,430.72,98.56,108.09,69.69
288,12,426.24,100.05,108.52,69.06
289,12,421.76,101.55,108.95,68.41
290,12,417.28,103.04,109.37,67.77
291,12,412.8,104.53,109.8,67.14
292,12,407.68,106.67,109.37,67.13
293,12,402.56,108.8,108.95,67.13
294,12,397.44,110.93,108.52,67.14
295,12,392.32,113.07,108.09,67.13
296,12,387.2,115.2,107.67,67.13
297,12,380.59,117.33,108.94,68.42
298,12,373.97,119.47,110.23,69.69
299,12,367.36,121.6,111.51,70.97
300,12,360.75,123.73,112.78,72.26
301,12,354.13,125.87,114.07,73.53
302,12,350.51,127.79,112.57,73.53
303,12,346.88,129.71,111.08,73.53
304,12,343.25,131.63,109.59,73.53
305,12,339.63,133.55,108.09,73.53
306,12,336.0,135.47,106.6,73.53
307,12,326.61,137.81,111.72,73.32
308,12,317.23,140.16,116.84,73.11
309,12,307.84,142.51,121.96,72.89
310,12,298.45,144.85,127.08,72.68
311,12,289.07,147.2,132.2,72.47
312,12,284.59,150.4,128.14,73.96
313,12,280.11,153.6,124.09,75.45
314,12,275.63,156.8,120.04,76.95
315,12,271.15,160.0,115.98,78.44
316,12,266.67,163.2,111.93,79.93
317,12,259.2,164.91,115.99,81.21
318,12,251.73,166.61,120.04,82.5
319,12,244.27,168.32,124.09,83.77
320,12,236.8,170.03,128.15,85.05
321,12,229.33,171.73,132.2,86.34
322,12,222.29,172.8,134.76,88.47
323,12,215.25,173.87,137.32,90.6
324,12,208.21,174.93,139.88,92.74
325,12,201.17,176.0,142.44,94.87
326,12,194.13,177.07,145.0,97.0
327,12,190.08,180.05,144.36,95.51
328,12,186.03,183.04,143.72,94.01
329,12,181.97,186.03,143.08,92.52
330,12,177.92,189.01,142.44,91.03
331,12,173.87,192.0,141.8,89.53
332,12,163.41,195.41,146.5,90.82
333,12,152.96,198.83,151.19,92.09
334,12,142.51,202.24,155.88,93.37
335,12,132.05,205.65,160.58,94.66
336,12,121.6,209.07,165.27,95.93
337,12,111.57,211.84,169.96,95.51
338,12,101.55,214.61,174.65,95.08
339,12,91.52,217.39,179.35,94.65
340,12,81.493,220.16,184.037,94.23
341,12,71.467,222.93,188.733,93.8
341,13,688.0,1.0,68.2,48.0
342,12,65.92,225.71,184.89,96.57
342,13,686.08,1.0,66.92,48.64
343,12,60.373,228.48,181.057,99.35
343,13,684.16,6.1867,65.64,44.0933
344,12,54.827,231.25,177.213,102.12
344,13,682.24,6.6133,64.36,44.3067
345,12,49.28,234.03,173.37,104.89
345,13,680.32,7.04,63.08,44.52
346,12,43.733,236.8,169.537,107.67
346,13,678.4,7.4667,61.8,44.7333
347,12,35.627,240.43,173.163,110.01
347,13,676.05,7.8933,62.44,45.5867
348,12,27.52,244.05,176.79,112.36
348,13,673.71,8.32,63.08,46.44
349,12,19.413,247.68,180.417,114.71
349,13,671.36,8.7467,63.72,47.2933
350,12,1.0,251.31,194.35,117.05
350,13,669.01,9.1733,64.36,48.1467
351,12,1.0,254.93,189.87,119.4
351,13,666.67,9.6,65.0,49.0
352,12,1.0,257.28,180.48,118.33
352,13,665.17,9.3867,62.87,50.0663
353,12,1.0,259.63,171.09,117.26
353,13,663.68,9.1733,60.73,51.1337
354,12,1.0,261.97,161.71,116.2
354,13,662.19,8.96,58.6,52.2
355,12,1.0,264.32,152.32,115.13
355,13,660.69,8.7467,56.47,53.2663
356,12,1.0,266.67,142.93,114.06
356,13,659.2,8.5333,54.33,54.3337
357,12,1.0,269.44,135.68,112.36
357,13,657.07,9.8133,56.46,54.9737
358,12,1.0,272.21,128.43,110.66
358,13,654.93,11.093,58.6,55.614
359,12,1.0,274.99,121.17,108.94
359,13,652.8,12.373,60.73,56.254
360,12,1.0,277.76,113.92,107.24
360,13,650.67,13.653,62.86,56.894
361,12,1.0,280.53,106.67,105.54
361,13,648.53,14.933,65.0,57.534
362,12,1.0,284.16,98.56,103.4
362,13,645.12,15.573,65.85,58.6
363,12,1.0,287.79,90.453,101.26
363,13,641.71,16.213,66.7,59.667
364,12,1.0,291.41,82.347,99.14
364,13,638.29,16.853,67.56,60.734
365,12,1.0,295.04,74.24,97.0
365,13,634.88,17.493,68.41,61.8
366,12,1.0,298.67,66.133,94.86
366,13,631.47,18.133,69.26,62.867
367,13,629.12,19.84,70.55,61.16
368,13,626.77,21.547,71.83,59.453
369,13,624.43,23.253,73.1,57.747
370,13,622.08,24.96,74.39,56.04
371,13,619.73,26.667,75.67,54.333
372,13,617.17,26.88,74.6,54.973
373,13,614.61,27.093,73.54,55.614
374,13,612.05,27.307,72.47,56.253
375,13,609.49,27.52,71.4,56.893
376,13,606.93,27.733,70.34,57.534
377,13,604.37,28.8,70.55,58.6
378,13,601.81,29.867,70.76,59.666
379,13,599.25,30.933,70.98,60.734
380,13,596.69,32.0,71.19,61.8
381,13,594.13,33.067,71.4,62.866
382,13,591.15,34.56,72.46,61.373
383,13,588.16,36.053,73.53,59.88
384,13,585.17,37.547,74.6,58.386
385,13,582.19,39.04,75.66,56.893
386,13,579.2,40.533,76.73,55.4
387,13,576.21,42.027,76.74,55.4
388,13,573.23,43.52,76.73,55.4
389,13,570.24,45.013,76.73,55.4
390,13,567.25,46.507,76.74,55.403
391,13,564.27,48.0,76.73,55.4
392,13,560.85,47.787,77.59,58.383
393,13,557.44,47.573,78.44,61.377
394,13,554.03,47.36,79.29,64.36
395,13,550.61,47.147,80.15,67.343
396,13,547.2,46.933,81.0,70.337
397,13,543.36,48.0,82.28,69.27
398,13,539.52,49.067,83.56,68.203
399,13,535.68,50.133,84.84,67.137
400,13,531.84,51.2,86.12,66.07
401,13,528.0,52.267,87.4,65.003
402,13,524.8,53.12,88.68,66.49
403,13,521.6,53.973,89.96,67.987
404,13,518.4,54.827,91.24,69.483
405,13,515.2,55.68,92.52,70.97
406,13,512.0,56.533,93.8,72.467
407,13,508.37,58.453,94.66,71.617
408,13,504.75,60.373,95.5,70.757
409,13,501.12,62.293,96.36,69.907
410,13,497.49,64.213,97.22,69.057
411,13,493.87,66.133,98.06,68.197
412,13,490.03,67.2,99.34,68.41
413,13,486.19,68.267,100.62,68.623
414,13,482.35,69.333,101.9,68.837
415,13,478.51,70.4,103.18,69.05
416,13,474.67,71.467,104.46,69.263
417,13,470.83,72.107,104.25,69.263
418,13,466.99,72.747,104.04,69.263
419,13,463.15,73.387,103.82,69.263
420,13,459.31,74.027,103.61,69.263
421,13,455.47,74.667,103.4,69.263
422,13,452.69,76.373,103.62,69.267
423,13,449.92,78.08,103.83,69.27
424,13,447.15,79.787,104.04,69.263
425,13,444.37,81.493,104.26,69.267
426,13,441.6,83.2,104.47,69.27
427,13,437.97,83.627,104.68,70.123
428,13,434.35,84.053,104.89,70.977
429,13,430.72,84.48,105.11,71.83
430,13,427.09,84.907,105.32,72.683
431,13,423.47,85.333,105.53,73.537
432,13,417.49,85.547,108.31,75.453
433,13,411.52,85.76,111.08,77.37
434,13,405.55,85.973,113.85,79.297
435,13,399.57,86.187,116.63,81.213
436,13,393.6,86.4,119.4,83.13
437,13,391.04,88.96,119.61,81.85
438,13,388.48,91.52,119.83,80.57
439,13,385.92,94.08,120.04,79.29
440,13,383.36,96.64,120.25,78.01
441,13,380.8,99.2,120.47,76.73
442,13,375.04,98.773,121.32,78.017
443,13,369.28,98.347,122.17,79.293
444,13,363.52,97.92,123.03,80.57
445,13,357.76,97.493,123.88,81.857
446,13,352.0,97.067,124.73,83.133
447,13,348.8,99.627,124.09,83.563
448,13,345.6,102.19,123.45,83.98
449,13,342.4,104.75,122.81,84.41
450,13,339.2,107.31,122.17,84.84
451,13,336.0,109.87,121.53,85.26
452,13,330.67,112.0,124.52,85.27
453,13,325.33,114.13,127.51,85.27
454,13,320.0,116.27,130.49,85.26
455,13,314.67,118.4,133.48,85.27
456,13,309.33,120.53,136.47,85.27
457,13,306.77,120.32,134.98,86.55
458,13,304.21,120.11,133.48,87.82
459,13,301.65,119.89,131.99,89.11
460,13,299.09,119.68,130.5,90.39
461,13,296.53,119.47,129.0,91.66
462,13,291.63,121.81,130.92,91.03
463,13,286.72,124.16,132.84,90.39
464,13,281.81,126.51,134.76,89.74
465,13,276.91,128.85,136.68,89.11
466,13,272.0,131.2,138.6,88.47
467,13,267.73,130.99,139.67,90.6
468,13,263.47,130.77,140.73,92.74
469,13,259.2,130.56,141.8,94.87
470,13,254.93,130.35,142.87,97.0
471,13,250.67,130.13,143.93,99.14
472,13,245.76,129.07,145.0,100.41
473,13,240.85,128.0,146.07,101.69
474,13,235.95,126.93,147.13,102.98
475,13,231.04,125.87,148.2,104.25
476,13,226.13,124.8,149.27,105.53
477,13,221.23,127.36,149.48,103.61
478,13,216.32,129.92,149.69,101.69
479,13,211.41,132.48,149.91,99.77
480,13,206.51,135.04,150.12,97.85
481,13,201.6,137.6,150.33,95.93
482,13,196.69,139.09,154.6,98.28
483,13,191.79,140.59,158.86,100.62
484,13,186.88,142.08,163.13,102.97
485,13,181.97,143.57,167.4,105.32
486,13,177.07,145.07,171.66,107.66
487,13,172.8,146.56,171.24,106.81
488,13,168.53,148.05,170.82,105.96
489,13,164.27,149.55,170.38,105.1
490,13,160.0,151.04,169.96,104.25
491,13,155.73,152.53,169.54,103.4
492,13,150.4,153.6,171.45,103.83
493,13,145.07,154.67,173.37,104.25
494,13,139.73,155.73,175.3,104.68
495,13,134.4,156.8,177.21,105.11
496,13,129.07,157.87,179.13,105.53
497,13,123.73,158.93,180.63,104.26
498,13,118.4,160.0,182.12,102.97
499,13,113.07,161.07,183.61,101.69
500,13,107.73,162.13,185.11,100.42
501,13,102.4,163.2,186.6,99.13
502,13,95.787,165.76,186.813,100.41
503,13,89.173,168.32,187.027,101.69
504,13,82.56,170.88,187.24,102.97
505,13,75.947,173.44,187.453,104.25
506,13,69.333,176.0,187.667,105.53
507,13,65.493,176.21,187.667,104.9
508,13,61.653,176.43,187.667,104.25
509,13,57.813,176.64,187.667,103.61
510,13,53.973,176.85,187.667,102.98
511,13,50.133,177.07,187.667,102.33
512,13,44.8,178.99,192.36,101.48
513,13,39.467,180.91,197.053,100.62
514,13,34.133,182.83,201.747,99.77
515,13,28.8,184.75,206.44,98.92
516,13,23.467,186.67,211.133,98.06
517,13,19.2,186.88,206.87,99.13
518,13,14.933,187.09,202.597,100.2
519,13,1.0,187.31,208.0,101.26
520,13,1.0,187.52,199.47,102.33
521,13,1.0,187.73,190.93,103.4
522,13,1.0,188.16,186.45,103.19
523,13,1.0,188.59,181.97,102.97
524,13,1.0,189.01,177.49,102.76
525,13,1.0,189.44,173.01,102.55
526,13,1.0,189.87,168.53,102.33
527,13,1.0,189.87,164.69,103.4
528,13,1.0,189.87,160.85,104.46
529,13,1.0,189.87,157.01,105.53
530,13,1.0,189.87,153.17,106.6
531,13,1.0,189.87,149.33,107.66
532,13,1.0,190.08,144.85,105.96
533,13,1.0,190.29,140.37,104.26
534,13,1.0,190.51,135.89,102.54
535,13,1.0,190.72,131.41,100.84
536,13,1.0,190.93,126.93,99.14
537,13,1.0,192.21,122.45,99.56
538,13,1.0,193.49,117.97,99.99
539,13,1.0,194.77,113.49,100.42
540,13,1.0,196.05,109.01,100.84
541,13,1.0,197.33,104.53,101.27
542,13,1.0,196.91,99.413,101.26
543,13,1.0,196.48,94.293,101.27
544,13,1.0,196.05,89.173,101.27
545,13,1.0,195.63,84.053,101.26
546,13,1.0,195.2,78.933,101.27
547,13,1.0,196.27,75.733,98.92
548,13,1.0,197.33,72.533,96.58
549,13,1.0,198.4,69.333,94.23
550,13,1.0,199.47,66.133,91.88
551,13,1.0,200.53,62.933,89.54
551,14,1.0,421.33,227.2,119.67
552,13,1.0,201.39,59.52,87.82
552,14,17.28,407.04,231.83,133.96
553,13,1.0,202.24,56.107,86.12
553,14,32.427,392.75,237.583,148.25
554,13,1.0,203.09,52.693,84.42
554,14,47.573,378.45,243.347,152.9
555,13,1.0,203.95,49.28,82.7
555,14,62.72,364.16,249.11,161.21
556,13,1.0,204.8,45.867,81.0
556,14,77.867,349.87,254.863,169.53
557,14,100.48,338.35,249.11,163.98
558,14,123.09,326.83,243.35,158.44
559,14,145.71,315.31,237.58,152.89
560,14,168.32,303.79,231.83,147.34
561,14,190.93,292.27,226.07,141.8
562,14,216.32,284.37,219.67,137.96
563,14,241.71,276.48,213.26,134.12
564,14,267.09,268.59,206.87,130.28
565,14,292.48,260.69,200.47,126.44
566,14,317.87,252.8,194.06,122.6
567,14,333.01,244.48,184.26,121.32
568,14,348.16,236.16,174.44,120.04
569,14,363.31,227.84,164.62,118.76
570,14,378.45,219.52,154.82,117.48
571,14,393.6,211.2,145.0,116.2
572,14,406.61,206.51,144.58,112.78
573,14,419.63,201.81,144.14,109.38
574,14,432.64,197.12,143.72,105.96
575,14,445.65,192.43,143.3,102.54
576,14,458.67,187.73,142.86,99.14
577,14,469.55,180.69,139.88,100.84
578,14,480.43,173.65,136.89,102.55
579,14,491.31,166.61,133.9,104.26
580,14,502.19,159.57,130.92,105.96
581,14,513.07,152.53,127.93,107.67
582,14,521.6,149.55,126.01,104.04
583,14,530.13,146.56,124.1,100.41
584,14,538.67,143.57,122.17,96.79
585,14,547.2,140.59,120.25,93.16
586,14,555.73,137.6,118.34,89.53
587,14,563.84,133.97,117.05,89.54
588,14,571.95,130.35,115.77,89.53
589,14,580.05,126.72,114.5,89.53
590,14,588.16,123.09,113.21,89.54
591,14,596.27,119.47,111.93,89.53
591,15,711.47,1.0,46.86,40.533
592,14,602.67,117.33,110.65,86.98
592,15,709.55,1.0,47.5,41.813
593,14,609.07,115.2,109.37,84.41
593,15,707.63,6.1867,48.14,37.9063
594,14,615.47,113.07,108.09,81.85
594,15,705.71,7.68,48.78,37.693
595,14,621.87,110.93,106.81,79.3
595,15,703.79,9.1733,49.42,37.4797
596,14,628.27,108.8,105.53,76.73
596,15,701.87,10.667,50.06,37.266
597,14,634.88,105.81,102.97,75.46
597,15,699.73,10.453,50.07,37.267
598,14,641.49,102.83,100.42,74.17
598,15,697.6,10.24,50.07,37.267
599,14,648.11,99.84,97.85,72.89
599,15,695.47,10.027,50.06,37.266
600,14,654.72,96.853,95.29,71.617
600,15,693.33,9.8133,50.07,37.2667
601,14,661.33,93.867,92.74,70.333
601,15,691.2,9.6,50.07,37.267
602,14,666.45,91.307,93.8,69.903
602,15,689.28,10.24,50.49,38.12
603,14,671.57,88.747,94.87,69.483
603,15,687.36,10.88,50.92,38.973
604,14,676.69,86.187,95.94,69.053
604,15,685.44,11.52,51.35,39.827
605,14,681.81,83.627,97.0,68.623
605,15,683.52,12.16,51.77,40.68
606,14,686.93,81.067,98.07,68.203
606,15,681.6,12.8,52.2,41.533
607,14,691.84,79.36,92.95,65.85
607,15,678.61,14.08,52.2,40.893
608,14,696.75,77.653,87.82,63.507
608,15,675.63,15.36,52.2,40.253
609,14,701.65,75.947,82.71,61.163
609,15,672.64,16.64,52.2,39.613
610,14,706.56,74.24,77.59,58.81
610,15,669.65,17.92,52.2,38.973
611,14,711.47,72.533,72.46,56.467
611,15,666.67,19.2,52.2,38.333
612,14,714.67,70.613,74.17,55.827
612,15,663.47,19.2,53.05,38.973
613,14,717.87,68.693,75.88,55.187
613,15,660.27,19.2,53.9,39.613
614,14,721.07,66.773,77.58,54.547
614,15,657.07,19.2,54.76,40.253
615,14,724.27,64.853,79.29,53.907
615,15,653.87,19.2,55.61,40.893
616,14,727.47,62.933,81.0,53.267
616,15,650.67,19.2,56.46,41.533
617,14,732.37,60.16,79.08,53.69
617,15,647.47,20.267,57.74,42.386
618,14,737.28,57.387,77.16,54.123
618,15,644.27,21.333,59.02,43.24
619,14,742.19,54.613,75.24,54.547
619,15,641.07,22.4,60.3,44.093
620,14,747.09,51.84,73.32,54.97
620,15,637.87,23.467,61.58,44.946
621,14,752.0,49.067,71.4,55.403
621,15,634.67,24.533,62.86,45.8
622,14,754.13,47.787,72.47,54.763
622,15,632.32,25.173,62.01,46.867
623,14,756.27,46.507,73.53,54.12
623,15,629.97,25.813,61.16,47.934
624,14,758.4,45.227,74.6,53.48
624,15,627.63,26.453,60.3,49.0
625,14,760.53,43.947,75.67,52.84
625,15,625.28,27.093,59.45,50.067
626,14,762.67,42.667,76.73,52.2
626,15,622.93,27.733,58.6,51.134
627,14,766.08,42.027,75.03,50.706
627,15,619.73,29.013,59.46,50.067
628,14,769.49,41.387,73.32,49.213
628,15,616.53,30.293,60.31,49.0
629,14,772.91,40.747,71.61,47.72
629,15,613.33,31.573,61.16,47.934
630,14,776.32,40.107,69.91,46.226
630,15,610.13,32.853,62.02,46.867
631,14,779.73,39.467,68.2,44.733
631,15,606.93,34.133,62.87,45.8
632,14,782.51,37.12,68.41,45.16
632,15,603.52,34.56,64.15,47.08
633,14,785.28,34.773,68.63,45.587
633,15,600.11,34.987,65.42,48.36
634,14,788.05,32.427,68.84,46.013
634,15,596.69,35.413,66.71,49.64
635,14,790.83,30.08,69.05,46.44
635,15,593.28,35.84,67.99,50.92
636,14,793.6,27.733,69.27,46.867
636,15,589.87,36.267,69.26,52.2
637,14,794.88,26.24,68.41,47.08
637,15,586.67,37.973,69.69,51.134
638,14,796.16,24.747,67.56,47.293
638,15,583.47,39.68,70.12,50.067
639,14,797.44,23.253,66.71,47.507
639,15,580.27,41.387,70.54,49.0
640,14,798.72,21.76,65.85,47.72
640,15,577.07,43.093,70.97,47.934
641,14,800.0,20.267,65.0,47.933
641,15,573.87,44.8,71.4,46.867
642,14,803.84,20.053,63.72,46.44
642,15,569.6,45.867,71.61,47.293
643,14,807.68,19.84,62.44,44.947
643,15,565.33,46.933,71.83,47.72
644,14,811.52,19.627,61.16,43.453
644,15,561.07,48.0,72.04,48.147
645,14,815.36,19.413,59.88,41.96
645,15,556.8,49.067,72.25,48.573
646,14,819.2,19.2,58.6,40.467
646,15,552.53,50.133,72.47,49.0
647,14,821.12,18.56,58.39,39.827
647,15,549.97,51.627,72.47,49.643
648,14,823.04,17.92,58.17,39.187
648,15,547.41,53.12,72.47,50.28
649,14,824.96,17.28,57.96,38.547
649,15,544.85,54.613,72.47,50.917
650,14,826.88,16.64,57.75,37.907
650,15,542.29,56.107,72.47,51.563
651,14,828.8,16.0,57.53,37.267
651,15,539.73,57.6,72.47,52.2
652,14,831.36,14.72,56.47,37.053
652,15,537.39,58.24,70.76,53.05
653,14,833.92,13.44,55.4,36.84
653,15,535.04,58.88,69.05,53.91
654,14,836.48,12.16,54.33,36.627
654,15,532.69,59.52,67.35,54.76
655,14,839.04,10.88,53.27,36.413
655,15,530.35,60.16,65.64,55.61
656,14,841.6,9.6,52.2,36.2
656,15,528.0,60.8,63.93,56.47
657,14,842.67,8.7467,52.41,35.9863
657,15,523.09,61.867,66.07,56.893
658,14,843.73,7.8933,52.63,35.7737
658,15,518.19,62.933,68.2,57.317
659,14,844.8,7.04,52.84,35.56
659,15,513.28,64.0,70.33,57.75
660,14,845.87,6.1867,53.05,35.3463
660,15,508.37,65.067,72.47,58.173
661,14,846.93,1.0,53.27,39.467
661,15,503.47,66.133,74.6,58.597
662,15,500.48,67.413,75.67,60.097
663,15,497.49,68.693,76.74,61.587
664,15,494.51,69.973,77.8,63.077
665,15,491.52,71.253,78.87,64.577
666,15,488.53,72.533,79.94,66.067
667,15,484.69,73.6,79.51,65.43
668,15,480.85,74.667,79.08,64.783
669,15,477.01,75.733,78.66,64.147
670,15,473.17,76.8,78.23,63.51
671,15,469.33,77.867,77.8,62.863
672,15,464.43,79.36,81.21,62.44
673,15,459.52,80.853,84.63,62.017
674,15,454.61,82.347,88.04,61.583
675,15,449.71,83.84,91.45,61.16
676,15,444.8,85.333,94.87,60.737
677,15,440.53,86.613,93.8,61.587
678,15,436.27,87.893,92.73,62.437
679,15,432.0,89.173,91.67,63.297
680,15,427.73,90.453,90.6,64.147
681,15,423.47,91.733,89.53,64.997
682,15,419.84,93.013,89.32,64.357
683,15,416.21,94.293,89.11,63.717
684,15,412.59,95.573,88.89,63.077
685,15,408.96,96.853,88.68,62.437
686,15,405.33,98.133,88.47,61.797
687,15,400.21,99.627,91.24,62.653
688,15,395.09,101.12,94.02,63.51
689,15,389.97,102.61,96.79,64.36
690,15,384.85,104.11,99.56,65.21
691,15,379.73,105.6,102.34,66.07
692,15,375.68,107.52,102.97,65.21
693,15,371.63,109.44,103.61,64.36
694,15,367.57,111.36,104.26,63.51
695,15,363.52,113.28,104.89,62.65
696,15,359.47,115.2,105.53,61.8
697,15,354.77,116.48,107.03,63.51
698,15,350.08,117.76,108.52,65.21
699,15,345.39,119.04,110.01,66.92
700,15,340.69,120.32,111.51,68.63
701,15,336.0,121.6,113.0,70.33
702,15,333.23,122.88,111.29,70.55
703,15,330.45,124.16,109.59,70.76
704,15,327.68,125.44,107.88,70.97
705,15,324.91,126.72,106.17,71.19
706,15,322.13,128.0,104.47,71.4
707,15,316.16,129.28,105.32,72.47
708,15,310.19,130.56,106.17,73.53
709,15,304.21,131.84,107.03,74.6
710,15,298.24,133.12,107.88,75.67
711,15,292.27,134.4,108.73,76.73
712,15,289.28,135.25,108.73,77.38
713,15,286.29,136.11,108.74,78.01
714,15,283.31,136.96,108.73,78.65
715,15,280.32,137.81,108.73,79.3
716,15,277.33,138.67,108.74,79.93
717,15,272.0,140.16,111.29,79.29
718,15,266.67,141.65,113.85,78.66
719,15,261.33,143.15,116.42,78.01
720,15,256.0,144.64,118.97,77.37
721,15,250.67,146.13,121.53,76.74
722,15,247.68,148.05,123.24,78.23
723,15,244.69,149.97,124.95,79.72
724,15,241.71,151.89,126.65,81.22
725,15,238.72,153.81,128.36,82.71
726,15,235.73,155.73,130.07,84.2
727,15,229.12,157.65,132.63,83.99
728,15,222.51,159.57,135.18,83.78
729,15,215.89,161.49,137.75,83.56
730,15,209.28,163.41,140.31,83.35
731,15,202.67,165.33,142.86,83.14
732,15,199.25,166.61,145.22,80.15
733,15,195.84,167.89,147.56,77.16
734,15,192.43,169.17,149.9,74.18
735,15,189.01,170.45,152.26,71.19
736,15,185.6,171.73,154.6,68.2
737,15,180.91,174.08,153.74,69.48
738,15,176.21,176.43,152.9,70.76
739,15,171.52,178.77,152.04,72.04
740,15,166.83,181.12,151.18,73.32
741,15,162.13,183.47,150.34,74.6
742,15,160.21,183.25,148.63,76.74
743,15,158.29,183.04,146.92,78.87
744,15,156.37,182.83,145.22,81.0
745,15,154.45,182.61,143.51,83.14
746,15,152.53,182.4,141.8,85.27
747,15,145.28,184.32,146.92,84.2
748,15,138.03,186.24,152.04,83.13
749,15,130.77,188.16,157.16,82.07
750,15,123.52,190.08,162.28,81.0
751,15,116.27,192.0,167.4,79.93
752,15,110.29,192.85,168.9,81.22
753,15,104.32,193.71,170.39,82.49
754,15,98.347,194.56,171.883,83.77
755,15,92.373,195.41,173.377,85.06
756,15,86.4,196.27,174.87,86.33
757,15,83.413,197.12,176.577,85.91
758,15,80.427,197.97,178.283,85.48
759,15,77.44,198.83,179.99,85.05
760,15,74.453,199.68,181.697,84.63
761,15,71.467,200.53,183.403,84.2
762,15,66.133,199.89,184.257,88.04
763,15,60.8,199.25,185.11,91.88
764,15,55.467,198.61,185.963,95.72
765,15,50.133,197.97,186.817,99.56
766,15,44.8,197.33,187.67,103.4
767,15,42.667,199.47,186.603,99.13
768,15,40.533,201.6,185.537,94.87
769,15,38.4,203.73,184.47,90.6
770,15,36.267,205.87,183.403,86.33
771,15,34.133,208.0,182.337,82.07
772,15,29.867,208.64,183.403,82.92
773,15,25.6,209.28,184.47,83.77
774,15,21.333,209.92,185.537,84.63
775,15,17.067,210.56,186.603,85.48
776,15,12.8,211.2,187.67,86.33
777,15,1.0,212.27,193.49,86.54
778,15,1.0,213.33,187.52,86.76
779,15,1.0,214.4,181.55,86.97
780,15,1.0,215.47,175.57,87.18
781,15,1.0,216.53,169.6,87.4
782,15,1.0,215.89,166.4,90.82
783,15,1.0,215.25,163.2,94.23
784,15,1.0,214.61,160.0,97.64
785,15,1.0,213.97,156.8,101.06
786,15,1.0,213.33,153.6,104.47
787,15,1.0,214.83,151.47,102.33
788,15,1.0,216.32,149.33,100.2
789,15,1.0,217.81,147.2,98.07
790,15,1.0,219.31,145.07,95.93
791,15,1.0,220.8,142.93,93.8
792,15,1.0,220.59,139.95,91.02
793,15,1.0,220.37,136.96,88.26
794,15,1.0,220.16,133.97,85.48
795,15,1.0,219.95,130.99,82.7
796,15,1.0,219.73,128.0,79.94
797,15,1.0,220.59,127.15,79.08
798,15,1.0,221.44,126.29,78.23
799,15,1.0,222.29,125.44,77.38
800,15,1.0,223.15,124.59,76.52
801,15,1.0,224.0,123.73,75.67
802,15,1.0,225.28,120.32,74.17
803,15,1.0,226.56,116.91,72.68
804,15,1.0,227.84,113.49,71.19
805,15,1.0,229.12,110.08,69.69
806,15,1.0,230.4,106.67,68.2
807,15,1.0,230.61,104.11,68.63
808,15,1.0,230.83,101.55,69.05
809,15,1.0,231.04,98.987,69.48
810,15,1.0,231.25,96.427,69.91
811,15,1.0,231.47,93.867,70.33
812,15,1.0,230.61,91.52,71.19
813,15,1.0,229.76,89.173,72.04
814,15,1.0,228.91,86.827,72.89
815,15,1.0,228.05,84.48,73.75
816,15,1.0,227.2,82.133,74.6
816,16,19.2,390.4,281.53,150.6
817,15,1.0,228.48,80.213,73.53
817,16,55.467,376.32,270.863,164.68
818,15,1.0,229.76,78.293,72.47
818,16,91.733,362.24,260.197,158.87
819,15,1.0,231.04,76.373,71.4
819,16,128.0,348.16,249.53,149.27
820,15,1.0,232.32,74.453,70.33
820,16,164.27,334.08,238.86,139.67
821,15,1.0,233.6,72.533,69.27
821,16,200.53,320.0,228.2,130.07
822,15,1.0,234.24,70.4,68.84
822,16,232.11,305.28,218.38,129.43
823,15,1.0,234.88,68.267,68.41
823,16,263.68,290.56,208.57,128.79
824,15,1.0,235.52,66.133,67.99
824,16,295.25,275.84,198.76,128.15
825,15,1.0,236.16,64.0,67.56
825,16,326.83,261.12,188.94,127.51
826,15,1.0,236.8,61.867,67.13
826,16,358.4,246.4,179.13,126.87
827,15,1.0,237.01,58.88,67.35
827,16,378.24,237.44,173.37,120.04
828,15,1.0,237.23,55.893,67.56
828,16,398.08,228.48,167.61,113.21
829,15,1.0,237.44,52.907,67.77
829,16,417.92,219.52,161.85,106.39
830,15,1.0,237.65,49.92,67.99
830,16,437.76,210.56,156.09,99.56
831,15,1.0,237.87,46.933,68.2
831,16,457.6,201.6,150.33,92.73
832,15,1.0,237.65,46.72,66.71
832,16,474.45,192.43,143.72,92.52
833,15,1.0,237.44,46.507,65.21
833,16,491.31,183.25,137.1,92.31
834,15,1.0,237.23,46.293,63.72
834,16,508.16,174.08,130.49,92.09
835,15,1.0,237.01,46.08,62.23
835,16,525.01,164.91,123.88,91.88
836,15,1.0,236.8,45.867,60.73
836,16,541.87,155.73,117.26,91.67
837,15,1.0,237.65,43.52,60.1
837,16,552.53,151.68,116.2,88.89
838,15,1.0,238.51,41.173,59.45
838,16,563.2,147.63,115.13,86.12
839,15,1.0,239.36,38.827,58.81
839,16,573.87,143.57,114.06,83.35
840,15,1.0,240.21,36.48,58.18
840,16,584.53,139.52,113.0,80.57
841,15,1.0,241.07,34.133,57.53
841,16,595.2,135.47,111.93,77.8
842,15,1.0,241.92,32.213,56.89
842,16,606.29,129.92,108.52,76.09
843,15,1.0,242.77,30.293,56.26
843,16,617.39,124.37,105.1,74.39
844,15,1.0,243.63,28.373,55.61
844,16,628.48,118.83,101.69,72.68
845,15,1.0,244.48,26.453,54.97
845,16,639.57,113.28,98.28,70.97
846,15,1.0,245.33,24.533,54.34
846,16,650.67,107.73,94.86,69.27
847,15,1.0,244.48,24.96,54.55
847,16,658.99,103.68,94.44,68.2
848,15,1.0,243.63,25.387,54.76
848,16,667.31,99.627,94.01,67.133
849,15,1.0,242.77,25.813,54.98
849,16,675.63,95.573,93.58,66.067
850,15,1.0,241.92,26.24,55.19
850,16,683.95,91.52,93.16,65.0
851,15,1.0,241.07,26.667,55.4
851,16,692.27,87.467,92.73,63.933
852,15,1.0,241.92,26.24,54.55
852,16,700.16,84.693,88.25,63.297
853,15,1.0,242.77,25.813,53.7
853,16,708.05,81.92,83.78,62.65
854,15,1.0,243.63,25.387,52.84
854,16,715.95,79.147,79.29,62.013
855,15,1.0,244.48,24.96,51.99
855,16,723.84,76.373,74.81,61.377
856,15,1.0,245.33,24.533,51.14
856,16,731.73,73.6,70.34,60.73
857,15,1.0,244.48,23.04,51.77
857,16,736.43,70.613,71.18,59.877
858,15,1.0,243.63,21.547,52.41
858,16,741.12,67.627,72.04,59.023
859,15,1.0,242.77,20.053,53.06
859,16,745.81,64.64,72.9,58.17
860,15,1.0,241.92,18.56,53.69
860,16,750.51,61.653,73.74,57.317
861,15,1.0,241.07,17.067,54.33
861,16,755.2,58.667,74.6,56.463
862,16,760.53,56.107,72.26,56.463
863,16,765.87,53.547,69.9,56.463
864,16,771.2,50.987,67.56,56.463
865,16,776.53,48.427,65.22,56.463
866,16,781.87,45.867,62.86,56.463
867,16,784.21,43.733,65.64,55.614
868,16,786.56,41.6,68.41,54.76
869,16,788.91,39.467,71.18,53.906
870,16,791.25,37.333,73.96,53.054
871,16,793.6,35.2,76.73,52.2
872,16,798.08,34.133,73.32,49.854
873,16,802.56,33.067,69.91,47.506
874,16,807.04,32.0,66.49,45.16
875,16,811.52,30.933,63.08,42.814
876,16,816.0,29.867,59.67,40.466
877,16,819.63,27.307,58.81,42.173
878,16,823.25,24.747,57.96,43.88
879,16,826.88,22.187,57.11,45.586
880,16,830.51,19.627,56.25,47.293
881,16,834.13,17.067,55.4,49.0
882,16,836.91,16.64,55.4,46.653
883,16,839.68,16.213,55.4,44.307
884,16,842.45,15.787,55.4,41.96
885,16,845.23,15.36,55.4,39.613
886,16,848.0,14.933,55.4,37.267
887,16,850.56,12.8,54.97,37.267
888,16,853.12,10.667,54.55,37.266
889,16,855.68,8.5333,54.12,37.2667
890,16,858.24,6.4,53.69,37.267
891,16,860.8,1.0,53.27,40.533
892,17,44.8,474.67,269.8,66.33
893,17,63.147,457.39,274.283,83.61
894,17,81.493,440.11,278.757,100.89
895,17,99.84,422.83,283.24,118.17
896,17,118.19,405.55,287.72,135.45
897,17,136.53,388.27,292.2,152.73
898,17,164.69,375.89,279.83,165.11
899,17,192.85,363.52,267.46,170.39
900,17,221.01,351.15,255.08,169.74
901,17,249.17,338.77,242.71,169.11
902,17,277.33,326.4,230.34,168.47
903,17,294.19,316.16,229.69,161.43
904,17,311.04,305.92,229.05,154.39
905,17,327.89,295.68,228.42,147.35
906,17,344.75,285.44,227.77,140.31
907,17,361.6,275.2,227.13,133.27
908,17,380.16,265.81,217.32,133.27
909,17,398.72,256.43,207.51,133.26
910,17,417.28,247.04,197.69,133.27
911,17,435.84,237.65,187.88,133.27
912,17,454.4,228.27,178.07,133.26
913,17,468.05,222.93,172.74,129.0
914,17,481.71,217.6,167.4,124.73
915,17,495.36,212.27,162.07,120.46
916,17,509.01,206.93,156.74,116.2
917,17,522.67,201.6,151.4,111.93
918,17,535.25,196.05,146.92,109.8
919,17,547.84,190.51,142.44,107.66
920,17,560.43,184.96,137.96,105.53
921,17,573.01,179.41,133.48,103.4
922,17,585.6,173.87,129.0,101.26
923,17,593.71,168.75,129.0,99.77
924,17,601.81,163.63,129.0,98.28
925,17,609.92,158.51,129.0,96.78
926,17,618.03,153.39,129.0,95.29
927,17,626.13,148.27,129.0,93.8
928,17,633.81,143.79,124.31,92.52
929,17,641.49,139.31,119.62,91.24
930,17,649.17,134.83,114.92,89.96
931,17,656.85,130.35,110.23,88.68
932,17,664.53,125.87,105.54,87.4
933,17,671.36,122.24,104.68,85.27
934,17,678.19,118.61,103.82,83.14
935,17,685.01,114.99,102.98,81.0
936,17,691.84,111.36,102.12,78.87
937,17,698.67,107.73,101.26,76.74
938,17,703.57,105.39,99.99,75.02
939,17,708.48,103.04,98.71,73.32
940,17,713.39,100.69,97.42,71.62
941,17,718.29,98.347,96.15,69.903
942,17,723.2,96.0,94.87,68.2
943,17,728.53,93.44,93.16,68.41
944,17,733.87,90.88,91.45,68.63
945,17,739.2,88.32,89.75,68.84
946,17,744.53,85.76,88.04,69.05
947,17,749.87,83.2,86.33,69.27
948,17,752.85,80.64,86.34,67.13
949,17,755.84,78.08,86.33,65.0
950,17,758.83,75.52,86.33,62.87
951,17,761.81,72.96,86.34,60.73
952,17,764.8,70.4,86.33,58.6
953,17,771.47,69.6,82.6,56.47
954,17,778.13,68.8,78.87,54.33
955,17,784.8,68.0,75.13,52.2
956,17,791.47,67.2,71.4,50.07
