1,1,322.13,123.73,58.6,34.07
1,2,562.13,174.93,118.34,53.27
2,1,318.29,123.31,58.39,33.21
2,2,554.45,173.01,116.42,52.84
3,1,314.45,122.88,58.18,32.36
3,2,546.77,171.09,114.5,52.42
4,1,310.61,122.45,57.96,31.51
4,2,539.09,169.17,112.58,51.99
5,1,306.77,122.03,57.75,30.65
5,2,531.41,167.25,110.66,51.56
6,1,302.93,121.6,57.54,29.8
6,2,523.73,165.33,108.74,51.14
7,2,516.27,164.05,107.66,50.28
8,2,508.8,162.77,106.6,49.43
9,2,501.33,161.49,105.54,48.58
10,2,493.87,160.21,104.46,47.72
11,2,486.4,158.93,103.4,46.87
12,2,481.07,157.44,101.48,46.87
13,2,475.73,155.95,99.56,46.86
14,2,470.4,154.45,97.64,46.87
15,2,465.07,152.96,95.72,46.87
16,2,459.73,151.47,93.8,46.86
17,2,454.19,150.4,92.94,46.44
18,2,448.64,149.33,92.09,46.02
19,2,443.09,148.27,91.24,45.58
20,2,437.55,147.2,90.38,45.16
21,2,432.0,146.13,89.53,44.74
22,2,426.88,145.07,87.83,43.88
23,2,421.76,144.0,86.12,43.03
24,2,416.64,142.93,84.41,42.18
25,2,411.52,141.87,82.71,41.32
26,2,406.4,140.8,81.0,40.47
27,2,402.13,140.37,79.72,38.98
28,2,397.87,139.95,78.44,37.48
29,2,393.6,139.52,77.16,35.99
30,2,389.33,139.09,75.88,34.5
31,2,385.07,138.67,74.6,33.0
32,2,379.73,137.6,74.6,34.49
33,2,374.4,136.53,74.6,35.99
34,2,369.07,135.47,74.6,37.48
35,2,363.73,134.4,74.6,38.97
36,2,358.4,133.33,74.6,40.47
36,3,922.67,260.27,38.33,46.86
37,2,354.35,132.48,73.32,39.61
37,3,906.03,254.08,54.97,53.27
38,2,350.29,131.63,72.04,38.76
38,3,889.39,247.89,71.61,59.67
39,2,346.24,130.77,70.76,37.91
39,3,872.75,241.71,88.25,66.06
40,2,342.19,129.92,69.48,37.05
40,3,856.11,235.52,104.89,72.47
41,2,338.13,129.07,68.2,36.2
41,3,839.47,229.33,121.53,78.87
42,2,334.72,128.21,67.13,35.56
42,3,821.12,225.07,139.88,77.16
43,2,331.31,127.36,66.06,34.92
43,3,802.77,220.8,138.82,75.45
44,2,327.89,126.51,65.0,34.28
44,3,784.43,216.53,143.72,73.75
45,2,324.48,125.65,63.93,33.64
45,3,766.08,212.27,148.63,72.04
46,2,321.07,124.8,62.86,33.0
46,3,747.73,208.0,153.54,70.33
47,2,317.01,124.16,62.87,32.57
47,3,732.59,205.23,149.69,68.84
48,2,312.96,123.52,62.87,32.15
48,3,717.44,202.45,145.85,67.35
49,2,308.91,122.88,62.86,31.72
49,3,702.29,199.68,142.02,65.85
50,2,304.85,122.24,62.87,31.29
50,3,687.15,196.91,138.17,64.36
51,2,300.8,121.6,62.87,30.87
51,3,672.0,194.13,134.33,62.87
52,3,660.69,190.72,131.14,62.87
53,3,649.39,187.31,127.93,62.86
54,3,638.08,183.89,124.73,62.87
55,3,626.77,180.48,121.54,62.87
56,3,615.47,177.07,118.33,62.86
56,4,937.6,232.53,23.4,47.94
57,3,605.01,175.36,115.78,61.8
57,4,923.73,228.27,37.27,50.28
58,3,594.56,173.65,113.21,60.74
58,4,909.87,224.0,51.13,52.63
59,3,584.11,171.95,110.65,59.66
59,4,896.0,219.73,65.0,54.98
60,3,573.65,170.24,108.1,58.6
60,4,882.13,215.47,78.87,57.32
61,3,563.2,168.53,105.53,57.54
61,4,868.27,211.2,92.73,59.67
62,3,554.24,166.61,103.19,55.83
62,4,856.53,208.64,104.47,61.37
63,3,545.28,164.69,100.84,54.12
63,4,844.8,206.08,116.2,63.08
64,3,536.32,162.77,98.49,52.42
64,4,833.07,203.52,127.93,64.79
65,3,527.36,160.85,96.15,50.71
65,4,821.33,200.96,139.67,66.49
66,3,518.4,158.93,93.8,49.0
66,4,809.6,198.4,151.4,68.2
67,3,510.29,156.8,92.31,48.36
67,4,798.93,195.84,144.36,67.13
68,3,502.19,154.67,90.81,47.72
68,4,788.27,193.28,142.65,66.07
69,3,494.08,152.53,89.32,47.08
69,4,777.6,190.72,140.95,65.0
70,3,485.97,150.4,87.83,46.44
70,4,766.93,188.16,139.24,63.93
71,3,477.87,148.27,86.33,45.8
71,4,756.27,185.6,137.53,62.87
72,3,471.25,147.2,84.63,44.52
72,4,746.88,183.89,135.61,62.02
73,3,464.64,146.13,82.92,43.24
73,4,737.49,182.19,133.7,61.16
74,3,458.03,145.07,81.21,41.96
74,4,728.11,180.48,131.77,60.31
75,3,451.41,144.0,79.51,40.68
75,4,718.72,178.77,129.85,59.46
76,3,444.8,142.93,77.8,39.4
76,4,709.33,177.07,127.94,58.6
77,3,438.19,141.23,76.94,39.4
77,4,699.52,174.72,125.8,58.39
78,3,431.57,139.52,76.1,39.4
78,4,689.71,172.37,123.66,58.18
79,3,424.96,137.81,75.24,39.4
79,4,679.89,170.03,121.54,57.96
80,3,418.35,136.11,74.38,39.4
80,4,670.08,167.68,119.4,57.75
81,3,411.73,134.4,73.54,39.4
81,4,660.27,165.33,117.26,57.54
82,3,406.4,133.33,72.47,38.76
82,4,652.16,164.05,115.35,56.68
83,3,401.07,132.27,71.4,38.12
83,4,644.05,162.77,113.43,55.83
84,3,395.73,131.2,70.34,37.48
84,4,635.95,161.49,111.5,54.98
85,3,390.4,130.13,69.27,36.84
85,4,627.84,160.21,109.59,54.12
86,3,385.07,129.07,68.2,36.2
86,4,619.73,158.93,107.67,53.27
87,3,380.37,128.21,66.71,35.78
87,4,612.69,157.65,106.39,52.63
88,3,375.68,127.36,65.21,35.35
88,4,605.65,156.37,105.11,51.99
89,3,370.99,126.51,63.72,34.92
89,4,598.61,155.09,103.83,51.35
90,3,366.29,125.65,62.23,34.5
90,4,591.57,153.81,102.55,50.71
91,3,361.6,124.8,60.73,34.07
91,4,584.53,152.53,101.27,50.07
92,3,357.55,124.16,59.45,33.43
92,4,577.07,152.11,100.2,49.42
93,3,353.49,123.52,58.18,32.79
93,4,569.6,151.68,99.13,48.79
94,3,349.44,122.88,56.89,32.15
94,4,562.13,151.25,98.07,48.15
95,3,345.39,122.24,55.61,31.51
95,4,554.67,150.83,97.0,47.5
96,3,341.33,121.6,54.34,30.87
96,4,547.2,150.4,95.93,46.87
97,3,336.64,120.96,54.12,30.65
97,4,540.16,148.69,94.65,46.87
98,3,331.95,120.32,53.9,30.44
98,4,533.12,146.99,93.37,46.86
99,3,327.25,119.68,53.7,30.23
99,4,526.08,145.28,92.09,46.87
100,3,322.56,119.04,53.48,30.01
100,4,519.04,143.57,90.81,46.87
101,3,317.87,118.4,53.26,29.8
101,4,512.0,141.87,89.53,46.86
102,4,506.67,141.01,88.04,46.44
103,4,501.33,140.16,86.55,46.01
104,4,496.0,139.31,85.05,45.58
105,4,490.67,138.45,83.56,45.16
106,4,485.33,137.6,82.07,44.73
107,4,479.79,136.96,81.42,43.45
108,4,474.24,136.32,80.79,42.17
109,4,468.69,135.68,80.15,40.89
110,4,463.15,135.04,79.5,39.61
111,4,457.6,134.4,78.87,38.33
111,5,931.2,238.93,29.8,50.07
112,4,453.12,133.55,78.01,38.54
112,5,919.68,235.73,41.32,51.14
113,4,448.64,132.69,77.16,38.76
113,5,908.16,232.53,52.84,52.2
114,4,444.16,131.84,76.31,38.97
114,5,896.64,229.33,64.36,53.27
115,4,439.68,130.99,75.45,39.18
115,5,885.12,226.13,75.88,54.34
116,4,435.2,130.13,74.6,39.4
116,5,873.6,222.93,87.4,55.4
117,4,430.29,129.07,73.54,38.76
117,5,861.44,219.73,99.56,57.75
118,4,425.39,128.0,72.46,38.12
118,5,849.28,216.53,111.72,60.1
119,4,420.48,126.93,71.4,37.48
119,5,837.12,213.33,123.88,62.44
120,4,415.57,125.87,70.34,36.84
120,5,824.96,210.13,136.04,64.79
121,4,410.67,124.8,69.26,36.2
121,5,812.8,206.93,148.2,67.14
122,4,406.61,123.73,68.63,35.99
122,5,801.92,205.23,142.87,63.93
123,4,402.56,122.67,67.99,35.77
123,5,791.04,203.52,140.73,60.73
124,4,398.51,121.6,67.34,35.56
124,5,780.16,201.81,138.6,57.54
125,4,394.45,120.53,66.71,35.35
125,5,769.28,200.11,136.47,54.33
126,4,390.4,119.47,66.07,35.13
126,5,758.4,198.4,134.33,51.13
127,4,386.77,119.47,64.79,34.28
127,5,748.16,197.12,132.84,51.35
128,4,383.15,119.47,63.5,33.42
128,5,737.92,195.84,131.35,51.56
129,4,379.52,119.47,62.23,32.57
129,5,727.68,194.56,129.85,51.77
130,4,375.89,119.47,60.95,31.72
130,5,717.44,193.28,128.36,51.99
131,4,372.27,119.47,59.66,30.86
131,5,707.2,192.0,126.87,52.2
132,4,368.43,119.04,59.24,30.87
132,5,699.31,189.65,124.52,52.42
133,4,364.59,118.61,58.81,30.87
133,5,691.41,187.31,122.18,52.62
134,4,360.75,118.19,58.38,30.86
134,5,683.52,184.96,119.83,52.84
135,4,356.91,117.76,57.96,30.87
135,5,675.63,182.61,117.48,53.06
136,4,353.07,117.33,57.53,30.87
136,5,667.73,180.27,115.14,53.26
137,4,349.87,116.91,57.1,29.8
137,5,660.05,178.56,114.07,51.99
138,4,346.67,116.48,56.68,28.73
138,5,652.37,176.85,113.0,50.71
139,4,343.47,116.05,56.25,27.67
139,5,644.69,175.15,111.94,49.42
140,4,340.27,115.63,55.82,26.6
140,5,637.01,173.44,110.87,48.15
141,4,337.07,115.2,55.4,25.53
141,5,629.33,171.73,109.8,46.87
142,5,622.72,170.24,108.52,46.23
143,5,616.11,168.75,107.24,45.58
144,5,609.49,167.25,105.96,44.95
145,5,602.88,165.76,104.68,44.31
146,5,596.27,164.27,103.4,43.66
147,5,590.51,163.41,101.9,43.67
148,5,584.75,162.56,100.41,43.67
149,5,578.99,161.71,98.92,43.66
150,5,573.23,160.85,97.42,43.67
151,5,567.47,160.0,95.93,43.67
152,5,561.49,158.51,95.51,42.81
153,5,555.52,157.01,95.08,41.96
154,5,549.55,155.52,94.65,41.11
155,5,543.57,154.03,94.23,40.25
156,5,537.6,152.53,93.8,39.4
157,5,532.48,151.89,92.09,38.76
158,5,527.36,151.25,90.39,38.12
159,5,522.24,150.61,88.68,37.48
160,5,517.12,149.97,86.97,36.84
161,5,512.0,149.33,85.27,36.2
162,5,506.03,148.27,84.2,36.41
163,5,500.05,147.2,83.14,36.63
164,5,494.08,146.13,82.07,36.84
165,5,488.11,145.07,81.0,37.05
166,5,482.13,144.0,79.94,37.27
167,5,477.44,142.93,78.65,36.84
168,5,472.75,141.87,77.37,36.41
169,5,468.05,140.8,76.1,35.99
170,5,463.36,139.73,74.81,35.56
171,5,458.67,138.67,73.53,35.13
172,5,454.19,137.81,73.1,35.35
173,5,449.71,136.96,72.68,35.56
174,5,445.23,136.11,72.25,35.77
175,5,440.75,135.25,71.82,35.99
176,5,436.27,134.4,71.4,36.2
177,5,431.36,133.97,71.4,36.2
178,5,426.45,133.55,71.4,36.2
179,5,421.55,133.12,71.4,36.2
180,5,416.64,132.69,71.4,36.2
181,5,411.73,132.27,71.4,36.2
182,5,408.75,131.63,69.69,35.56
183,5,405.76,130.99,67.99,34.92
184,5,402.77,130.35,66.28,34.28
185,5,399.79,129.71,64.57,33.64
186,5,396.8,129.07,62.87,33.0
187,5,393.17,128.43,62.44,32.14
188,5,389.55,127.79,62.01,31.29
189,5,385.92,127.15,61.59,30.44
190,5,382.29,126.51,61.16,29.58
191,5,378.67,125.87,60.73,28.73
192,5,376.11,125.01,60.09,28.95
193,5,373.55,124.16,59.45,29.16
194,5,370.99,123.31,58.81,29.37
195,5,368.43,122.45,58.17,29.59
196,5,365.87,121.6,57.53,29.8
197,5,362.67,121.17,56.89,28.95
198,5,359.47,120.75,56.25,28.09
199,5,356.27,120.32,55.61,27.24
200,5,353.07,119.89,54.97,26.39
201,5,349.87,119.47,54.33,25.53
202,5,347.31,118.19,53.69,27.02
203,5,344.75,116.91,53.05,28.52
204,5,342.19,115.63,52.41,30.01
205,5,339.63,114.35,51.77,31.5
206,5,337.07,113.07,51.13,33.0
207,6,935.47,238.93,25.53,41.54
208,6,919.89,235.31,41.11,45.58
209,6,904.32,231.68,56.68,49.64
210,6,888.75,228.05,72.25,53.7
211,6,873.17,224.43,87.83,57.74
212,6,857.6,220.8,103.4,61.8
213,6,843.95,217.81,117.05,62.23
214,6,830.29,214.83,130.71,62.65
215,6,816.64,211.84,131.56,63.08
216,6,802.99,208.85,138.81,63.51
217,6,789.33,205.87,146.07,63.93
218,6,777.17,203.31,144.15,61.8
219,6,765.01,200.75,142.23,59.66
220,6,752.85,198.19,140.31,57.53
221,6,740.69,195.63,138.39,55.4
222,6,728.53,193.07,136.47,53.26
223,6,718.08,190.51,133.69,53.05
224,6,707.63,187.95,130.92,52.84
225,6,697.17,185.39,128.15,52.62
226,6,686.72,182.83,125.37,52.41
227,6,676.27,180.27,122.6,52.2
228,6,666.24,177.71,120.89,51.34
229,6,656.21,175.15,119.19,50.49
230,6,646.19,172.59,117.48,49.64
231,6,636.16,170.03,115.77,48.78
232,6,626.13,167.47,114.07,47.93
233,6,617.39,165.55,111.93,47.5
234,6,608.64,163.63,109.8,47.08
235,6,599.89,161.71,107.67,46.65
236,6,591.15,159.79,105.53,46.22
237,6,582.4,157.87,103.4,45.8
238,6,575.15,156.37,101.26,45.38
239,6,567.89,154.88,99.14,44.95
240,6,560.64,153.39,97.0,44.52
241,6,553.39,151.89,94.86,44.1
242,6,546.13,150.4,92.74,43.67
243,6,539.09,149.33,91.03,42.82
244,6,532.05,148.27,89.32,41.96
245,6,525.01,147.2,87.62,41.11
246,6,517.97,146.13,85.91,40.26
247,6,510.93,145.07,84.2,39.4
248,6,504.53,144.0,83.56,38.55
249,6,498.13,142.93,82.92,37.7
250,6,491.73,141.87,82.28,36.84
251,6,485.33,140.8,81.64,35.99
252,6,478.93,139.73,81.0,35.14
253,6,473.39,138.88,79.29,35.13
254,6,467.84,138.03,77.59,35.13
255,6,462.29,137.17,75.88,35.14
256,6,456.75,136.32,74.17,35.13
257,6,451.2,135.47,72.47,35.13
258,6,445.65,134.61,72.47,34.71
259,6,440.11,133.76,72.46,34.28
260,6,434.56,132.91,72.47,33.85
261,6,429.01,132.05,72.47,33.43
262,6,423.47,131.2,72.46,33.0
263,6,419.2,130.56,71.4,32.15
264,6,414.93,129.92,70.34,31.29
265,6,410.67,129.28,69.26,30.44
266,6,406.4,128.64,68.2,29.59
267,6,402.13,128.0,67.14,28.73
268,6,398.08,126.93,65.85,28.95
269,6,394.03,125.87,64.57,29.16
270,6,389.97,124.8,63.3,29.37
271,6,385.92,123.73,62.01,29.59
272,6,381.87,122.67,60.73,29.8
273,6,378.24,121.6,59.45,30.23
274,6,374.61,120.53,58.18,30.66
275,6,370.99,119.47,56.89,31.08
276,6,367.36,118.4,55.61,31.51
277,6,363.73,117.33,54.34,31.94
278,6,360.53,116.69,54.12,31.72
279,6,357.33,116.05,53.91,31.51
280,6,354.13,115.41,53.7,31.3
281,6,350.93,114.77,53.48,31.08
282,6,347.73,114.13,53.27,30.87
283,6,344.53,113.49,52.42,30.66
284,6,341.33,112.85,51.56,30.44
285,6,338.13,112.21,50.71,30.23
286,6,334.93,111.57,49.86,30.02
287,6,331.73,110.93,49.0,29.8
288,7,172.8,149.33,60.73,42.6
289,7,175.36,150.4,61.59,43.03
290,7,177.92,151.47,62.44,43.45
291,7,180.48,152.53,63.29,43.88
292,7,183.04,153.6,64.15,44.31
293,7,185.6,154.67,65.0,44.73
294,7,188.37,155.73,65.86,44.74
295,7,191.15,156.8,66.7,44.73
296,7,193.92,157.87,67.56,44.73
297,7,196.69,158.93,68.42,44.74
298,7,199.47,160.0,69.26,44.73
299,7,202.45,161.49,69.7,45.38
300,7,205.44,162.99,70.12,46.01
301,7,208.43,164.48,70.54,46.65
302,7,211.41,165.97,70.98,47.3
303,7,214.4,167.47,71.4,47.93
304,7,216.96,168.53,73.11,49.0
305,7,219.52,169.6,74.81,50.07
306,7,222.08,170.67,76.52,51.13
307,7,224.64,171.73,78.23,52.2
308,7,227.2,172.8,79.93,53.27
309,7,231.89,174.51,80.36,53.69
310,7,236.59,176.21,80.78,54.12
311,7,241.28,177.92,81.21,54.55
312,7,245.97,179.63,81.64,54.97
313,7,250.67,181.33,82.06,55.4
314,7,254.51,183.25,83.56,55.62
315,7,258.35,185.17,85.05,55.83
316,7,262.19,187.09,86.54,56.04
317,7,266.03,189.01,88.04,56.26
318,7,269.87,190.93,89.53,56.47
319,7,274.77,192.64,91.24,57.96
320,7,279.68,194.35,92.95,59.45
321,7,284.59,196.05,94.65,60.95
322,7,289.49,197.76,96.36,62.44
323,7,294.4,199.47,98.07,63.93
324,7,299.31,201.17,100.84,64.58
325,7,304.21,202.88,103.62,65.21
326,7,309.12,204.59,106.39,65.85
327,7,314.03,206.29,109.16,66.5
328,7,318.93,208.0,111.94,67.13
329,7,325.55,209.92,113.42,69.27
330,7,332.16,211.84,114.92,71.4
331,7,338.77,213.76,116.42,73.53
332,7,345.39,215.68,117.9,75.67
333,7,352.0,217.6,119.4,77.8
334,7,359.04,220.59,122.6,78.22
335,7,366.08,223.57,125.8,78.66
336,7,373.12,226.56,129.0,79.08
337,7,380.16,229.55,132.2,79.5
338,7,387.2,232.53,135.4,79.94
339,7,396.16,235.09,138.39,81.64
340,7,405.12,237.65,141.37,83.35
341,7,414.08,240.21,144.36,85.06
342,7,423.04,242.77,147.35,86.76
343,7,432.0,245.33,150.33,88.47
344,7,441.6,248.32,153.75,90.17
345,7,451.2,251.31,157.16,91.88
346,7,460.8,254.29,160.57,93.59
347,7,470.4,257.28,163.99,95.29
348,7,480.0,260.27,167.4,97.0
349,7,490.45,264.11,172.95,99.98
350,7,500.91,267.95,178.49,102.97
351,7,511.36,271.79,184.04,105.96
352,7,521.81,275.63,189.59,108.94
353,7,532.27,279.47,195.13,111.93
354,7,545.71,284.16,197.69,114.49
355,7,559.15,288.85,200.25,117.06
356,7,572.59,293.55,202.81,119.61
357,7,586.03,298.24,205.37,122.17
358,7,599.47,302.93,207.93,124.74
359,7,615.68,308.27,217.32,129.42
360,7,631.89,313.6,226.71,134.12
361,7,648.11,318.93,236.09,138.82
362,7,664.32,324.27,245.48,143.5
363,7,680.53,329.6,254.87,148.2
364,7,698.67,336.21,243.34,145.86
365,7,716.8,342.83,231.83,143.5
366,7,734.93,349.44,226.07,141.16
367,7,753.07,356.05,207.93,138.82
368,7,771.2,362.67,189.8,136.46
369,7,794.03,370.56,166.97,131.77
370,7,816.85,378.45,144.15,127.08
371,7,839.68,386.35,121.32,122.38
372,7,862.51,394.24,98.49,117.69
373,7,885.33,402.13,75.67,113.0
374,8,855.47,218.67,105.53,62.86
375,8,837.97,215.68,123.03,61.37
376,8,820.48,212.69,121.53,59.88
377,8,802.99,209.71,129.0,58.38
378,8,785.49,206.72,136.47,56.89
379,8,768.0,203.73,143.93,55.4
380,8,753.07,200.53,140.3,54.34
381,8,738.13,197.33,136.68,53.27
382,8,723.2,194.13,133.05,52.2
383,8,708.27,190.93,129.42,51.14
384,8,693.33,187.73,125.8,50.07
385,8,681.39,185.39,122.81,49.64
386,8,669.44,183.04,119.83,49.21
387,8,657.49,180.69,116.84,48.79
388,8,645.55,178.35,113.85,48.36
389,8,633.6,176.0,110.87,47.93
390,8,622.93,173.65,108.95,46.87
391,8,612.27,171.31,107.02,45.8
392,8,601.6,168.96,105.11,44.73
393,8,590.93,166.61,103.19,43.67
394,8,580.27,164.27,101.26,42.6
395,8,571.73,162.13,98.71,41.96
396,8,563.2,160.0,96.15,41.32
397,8,554.67,157.87,93.58,40.68
398,8,546.13,155.73,91.03,40.04
399,8,537.6,153.6,88.47,39.4
400,8,529.49,151.68,86.98,39.19
401,8,521.39,149.76,85.48,38.97
402,8,513.28,147.84,83.99,38.76
403,8,505.17,145.92,82.5,38.55
404,8,497.07,144.0,81.0,38.33
405,8,490.67,143.36,79.29,37.27
406,8,484.27,142.72,77.58,36.2
407,8,477.87,142.08,75.88,35.13
408,8,471.47,141.44,74.17,34.07
409,8,465.07,140.8,72.46,33.0
410,8,458.67,139.52,71.61,32.79
411,8,452.27,138.24,70.76,32.57
412,8,445.87,136.96,69.9,32.36
413,8,439.47,135.68,69.05,32.15
414,8,433.07,134.4,68.2,31.93
415,8,428.37,132.48,66.92,32.57
416,8,423.68,130.56,65.64,33.21
417,8,418.99,128.64,64.36,33.85
418,8,414.29,126.72,63.08,34.49
419,8,409.6,124.8,61.8,35.13
420,8,404.27,124.59,61.37,33.85
421,8,398.93,124.37,60.95,32.58
422,8,393.6,124.16,60.52,31.29
423,8,388.27,123.95,60.09,30.01
424,8,382.93,123.73,59.67,28.74
425,8,379.31,122.67,58.38,28.94
426,8,375.68,121.6,57.11,29.16
427,8,372.05,120.53,55.83,29.38
428,8,368.43,119.47,54.54,29.58
429,8,364.8,118.4,53.27,29.8
430,8,361.17,117.76,52.84,28.73
431,8,357.55,117.12,52.41,27.67
432,8,353.92,116.48,51.99,26.6
433,8,350.29,115.84,51.56,25.53
434,8,346.67,115.2,51.13,24.47
435,9,185.6,149.33,59.67,40.47
436,9,188.37,150.83,60.1,40.46
437,9,191.15,152.32,60.52,40.47
438,9,193.92,153.81,60.95,40.47
439,9,196.69,155.31,61.38,40.46
440,9,199.47,156.8,61.8,40.47
441,9,202.45,157.87,63.94,42.38
442,9,205.44,158.93,66.07,44.31
443,9,208.43,160.0,68.2,46.23
444,9,211.41,161.07,70.34,48.14
445,9,214.4,162.13,72.47,50.07
446,9,218.45,163.41,72.9,50.07
447,9,222.51,164.69,73.32,50.07
448,9,226.56,165.97,73.75,50.07
449,9,230.61,167.25,74.18,50.07
450,9,234.67,168.53,74.6,50.07
451,9,238.93,170.88,76.52,49.43
452,9,243.2,173.23,78.44,48.78
453,9,247.47,175.57,80.36,48.15
454,9,251.73,177.92,82.28,47.51
455,9,256.0,180.27,84.2,46.86
456,9,260.69,182.19,86.55,48.36
457,9,265.39,184.11,88.89,49.85
458,9,270.08,186.03,91.24,51.34
459,9,274.77,187.95,93.59,52.84
460,9,279.47,189.87,95.93,54.33
461,9,286.08,192.43,97.43,55.82
462,9,292.69,194.99,98.92,57.32
463,9,299.31,197.55,100.41,58.81
464,9,305.92,200.11,101.91,60.3
465,9,312.53,202.67,103.4,61.8
466,9,319.36,205.87,106.39,63.08
467,9,326.19,209.07,109.37,64.36
468,9,333.01,212.27,112.36,65.64
469,9,339.84,215.47,115.35,66.92
470,9,346.67,218.67,118.33,68.2
471,9,354.35,221.87,122.17,69.69
472,9,362.03,225.07,126.01,71.18
473,9,369.71,228.27,129.85,72.68
474,9,377.39,231.47,133.69,74.17
475,9,385.07,234.67,137.53,75.66
476,9,396.37,238.51,140.74,78.01
477,9,407.68,242.35,143.93,80.36
478,9,418.99,246.19,147.13,82.7
479,9,430.29,250.03,150.34,85.05
480,9,441.6,253.87,153.53,87.4
481,9,452.69,258.56,159.51,89.96
482,9,463.79,263.25,165.48,92.52
483,9,474.88,267.95,171.45,95.08
484,9,485.97,272.64,177.43,97.64
485,9,497.07,277.33,183.4,100.2
486,9,514.13,281.81,187.03,103.4
487,9,531.2,286.29,190.65,106.6
488,9,548.27,290.77,194.28,109.8
489,9,565.33,295.25,197.91,113.0
490,9,582.4,299.73,201.53,116.2
491,9,600.11,307.2,213.05,119.61
492,9,617.81,314.67,224.58,123.02
493,9,635.52,322.13,236.09,126.44
494,9,653.23,329.6,247.61,129.85
495,9,670.93,337.07,259.14,133.26
496,9,695.04,343.25,242.71,135.62
497,9,719.15,349.44,226.28,137.96
498,9,743.25,355.63,217.75,140.3
499,9,767.36,361.81,193.64,142.66
500,9,791.47,368.0,169.53,145.0
