1,-1,1387,508,32,88,1,-1,-1,-1
1,-1,1483,510,28,75,1,-1,-1,-1
1,-1,240,591,43,149,1,-1,-1,-1
1,-1,1269,520,33,69,1,-1,-1,-1
2,-1,228,578,54,162,1,-1,-1,-1
2,-1,156,576,50,141,1,-1,-1,-1
2,-1,1633,562,47,111,1,-1,-1,-1
2,-1,1262,523,30,68,1,-1,-1,-1
3,-1,233,590,53,157,1,-1,-1,-1
3,-1,1636,552,47,117,1,-1,-1,-1
3,-1,1497,510,29,65,1,-1,-1,-1
3,-1,1386,509,29,89,1,-1,-1,-1
3,-1,148,595,49,127,1,-1,-1,-1
3,-1,1549,549,44,121,1,-1,-1,-1
4,-1,1378,500,34,116,1,-1,-1,-1
4,-1,1492,501,27,74,1,-1,-1,-1
4,-1,233,593,47,142,1,-1,-1,-1
5,-1,1496,510,26,72,1,-1,-1,-1
5,-1,1388,512,29,87,1,-1,-1,-1
6,-1,1493,515,27,68,1,-1,-1,-1
6,-1,1654,573,54,126,1,-1,-1,-1
7,-1,1496,514,22,71,1,-1,-1,-1
7,-1,1385,517,29,82,1,-1,-1,-1
8,-1,1670,582,53,120,1,-1,-1,-1
9,-1,1679,590,52,118,1,-1,-1,-1
9,-1,1399,541,30,86,1,-1,-1,-1
9,-1,1585,595,45,127,1,-1,-1,-1
9,-1,1488,545,22,69,1,-1,-1,-1
10,-1,1679,606,48,117,1,-1,-1,-1
10,-1,1484,541,25,83,1,-1,-1,-1
10,-1,1403,540,31,100,1,-1,-1,-1
10,-1,1589,602,46,132,1,-1,-1,-1
11,-1,1675,585,60,125,1,-1,-1,-1
11,-1,1407,540,30,83,1,-1,-1,-1
12,-1,1680,591,52,122,1,-1,-1,-1
12,-1,1408,545,30,88,1,-1,-1,-1
12,-1,488,532,35,123,1,-1,-1,-1
12,-1,1471,545,27,78,1,-1,-1,-1
12,-1,538,540,35,97,1,-1,-1,-1
13,-1,1675,592,51,121,1,-1,-1,-1
13,-1,1489,522,30,64,1,-1,-1,-1
13,-1,661,507,23,69,1,-1,-1,-1
14,-1,1667,593,53,122,1,-1,-1,-1
14,-1,1724,587,53,115,1,-1,-1,-1
14,-1,1487,517,35,70,1,-1,-1,-1
15,-1,1728,592,54,124,1,-1,-1,-1
15,-1,1639,599,55,124,1,-1,-1,-1
15,-1,1484,521,37,61,1,-1,-1,-1
15,-1,1453,542,36,79,1,-1,-1,-1
16,-1,1446,540,37,87,1,-1,-1,-1
16,-1,1735,601,46,93,1,-1,-1,-1
16,-1,1641,606,47,116,1,-1,-1,-1
17,-1,1734,594,55,117,1,-1,-1,-1
17,-1,1443,544,35,81,1,-1,-1,-1
17,-1,1635,597,52,130,1,-1,-1,-1
18,-1,1737,597,54,123,1,-1,-1,-1
18,-1,1438,545,40,91,1,-1,-1,-1
19,-1,1744,598,55,126,1,-1,-1,-1
19,-1,472,524,45,122,1,-1,-1,-1
20,-1,1750,598,58,131,1,-1,-1,-1
20,-1,1443,540,35,93,1,-1,-1,-1
20,-1,1355,554,34,71,1,-1,-1,-1
21,-1,1758,598,63,136,1,-1,-1,-1
21,-1,477,540,41,112,1,-1,-1,-1
21,-1,1441,542,39,92,1,-1,-1,-1
22,-1,1770,600,59,136,1,-1,-1,-1
22,-1,1438,542,42,98,1,-1,-1,-1
22,-1,1680,603,58,127,1,-1,-1,-1
22,-1,479,546,39,109,1,-1,-1,-1
23,-1,1443,546,43,92,1,-1,-1,-1
23,-1,1772,605,59,137,1,-1,-1,-1
23,-1,1682,607,56,121,1,-1,-1,-1
23,-1,467,549,40,111,1,-1,-1,-1
24,-1,464,547,45,113,1,-1,-1,-1
24,-1,1441,530,41,113,1,-1,-1,-1
24,-1,1780,603,57,132,1,-1,-1,-1
24,-1,1354,544,38,84,1,-1,-1,-1
25,-1,1433,542,47,103,1,-1,-1,-1
25,-1,460,555,43,108,1,-1,-1,-1
25,-1,1334,562,45,71,1,-1,-1,-1
26,-1,1442,544,43,105,1,-1,-1,-1
26,-1,1337,559,41,74,1,-1,-1,-1
26,-1,468,552,37,109,1,-1,-1,-1
26,-1,1812,613,57,116,1,-1,-1,-1
27,-1,449,549,49,113,1,-1,-1,-1
27,-1,1437,548,47,102,1,-1,-1,-1
27,-1,1340,563,40,74,1,-1,-1,-1
27,-1,1716,623,81,146,1,-1,-1,-1
27,-1,536,547,38,99,1,-1,-1,-1
28,-1,1449,545,45,107,1,-1,-1,-1
28,-1,454,547,43,120,1,-1,-1,-1
28,-1,1723,624,57,142,1,-1,-1,-1
28,-1,1831,622,53,141,1,-1,-1,-1
29,-1,1442,543,51,122,1,-1,-1,-1
29,-1,1824,616,72,159,1,-1,-1,-1
29,-1,1336,564,44,86,1,-1,-1,-1
29,-1,1572,539,31,83,1,-1,-1,-1
29,-1,1722,625,60,137,1,-1,-1,-1
29,-1,448,546,40,119,1,-1,-1,-1
29,-1,1300,565,28,63,1,-1,-1,-1
30,-1,1833,616,70,159,1,-1,-1,-1
30,-1,1450,542,46,132,1,-1,-1,-1
30,-1,1727,624,67,140,1,-1,-1,-1
30,-1,1331,564,48,84,1,-1,-1,-1
30,-1,1579,538,30,89,1,-1,-1,-1
30,-1,450,542,39,130,1,-1,-1,-1
31,-1,1859,630,48,142,1,-1,-1,-1
31,-1,1758,634,53,125,1,-1,-1,-1
31,-1,1466,554,32,109,1,-1,-1,-1
32,-1,1764,638,67,132,1,-1,-1,-1
32,-1,1861,641,49,129,1,-1,-1,-1
32,-1,630,537,33,94,1,-1,-1,-1
32,-1,459,545,41,132,1,-1,-1,-1
32,-1,580,551,29,90,1,-1,-1,-1
33,-1,1467,538,51,131,1,-1,-1,-1
33,-1,1765,625,73,144,1,-1,-1,-1
33,-1,1868,624,48,149,1,-1,-1,-1
34,-1,1766,628,69,151,1,-1,-1,-1
34,-1,1470,543,46,129,1,-1,-1,-1
34,-1,1193,501,28,59,1,-1,-1,-1
35,-1,1767,628,74,156,1,-1,-1,-1
35,-1,1468,545,43,125,1,-1,-1,-1
35,-1,446,534,42,127,1,-1,-1,-1
35,-1,573,542,28,83,1,-1,-1,-1
36,-1,1469,535,48,128,1,-1,-1,-1
36,-1,1826,629,61,139,1,-1,-1,-1
36,-1,646,544,29,79,1,-1,-1,-1
37,-1,1812,626,74,158,1,-1,-1,-1
37,-1,1468,540,49,130,1,-1,-1,-1
37,-1,448,533,43,125,1,-1,-1,-1
37,-1,644,541,30,76,1,-1,-1,-1
38,-1,1471,542,47,124,1,-1,-1,-1
38,-1,1810,626,82,162,1,-1,-1,-1
39,-1,1822,626,80,168,1,-1,-1,-1
39,-1,1471,539,47,133,1,-1,-1,-1
39,-1,1595,516,27,71,1,-1,-1,-1
39,-1,643,503,33,97,1,-1,-1,-1
39,-1,781,504,27,59,1,-1,-1,-1
40,-1,1833,627,75,172,1,-1,-1,-1
40,-1,1475,539,46,127,1,-1,-1,-1
41,-1,1849,633,63,169,1,-1,-1,-1
41,-1,1478,544,48,125,1,-1,-1,-1
41,-1,440,524,48,131,1,-1,-1,-1
42,-1,449,527,45,133,1,-1,-1,-1
42,-1,1860,634,58,171,1,-1,-1,-1
43,-1,1864,639,56,168,1,-1,-1,-1
43,-1,452,537,43,122,1,-1,-1,-1
45,-1,449,531,44,125,1,-1,-1,-1
45,-1,564,541,31,77,1,-1,-1,-1
45,-1,1086,481,16,32,1,-1,-1,-1
46,-1,1548,523,51,151,1,-1,-1,-1
46,-1,1084,481,17,33,1,-1,-1,-1
46,-1,1179,481,16,35,1,-1,-1,-1
47,-1,1536,541,47,135,1,-1,-1,-1
47,-1,451,530,44,126,1,-1,-1,-1
47,-1,1082,483,16,32,1,-1,-1,-1
48,-1,1543,544,44,142,1,-1,-1,-1
48,-1,451,539,42,120,1,-1,-1,-1
48,-1,1359,576,49,76,1,-1,-1,-1
48,-1,575,548,30,76,1,-1,-1,-1
49,-1,580,542,28,83,1,-1,-1,-1
49,-1,1591,525,24,50,1,-1,-1,-1
49,-1,1536,550,43,127,1,-1,-1,-1
49,-1,1527,565,48,137,1,-1,-1,-1
50,-1,442,545,47,123,1,-1,-1,-1
50,-1,578,541,29,83,1,-1,-1,-1
50,-1,1538,544,48,147,1,-1,-1,-1
50,-1,1358,575,55,79,1,-1,-1,-1
50,-1,1179,478,17,38,1,-1,-1,-1
51,-1,451,549,45,122,1,-1,-1,-1
51,-1,1538,565,53,143,1,-1,-1,-1
51,-1,581,542,30,87,1,-1,-1,-1
51,-1,1367,577,51,75,1,-1,-1,-1
51,-1,363,544,39,124,1,-1,-1,-1
52,-1,585,546,28,82,1,-1,-1,-1
52,-1,1372,577,43,78,1,-1,-1,-1
52,-1,453,550,43,119,1,-1,-1,-1
52,-1,360,546,37,117,1,-1,-1,-1
52,-1,1538,563,54,141,1,-1,-1,-1
53,-1,456,552,42,120,1,-1,-1,-1
53,-1,586,556,25,73,1,-1,-1,-1
53,-1,1371,577,43,76,1,-1,-1,-1
53,-1,361,546,34,117,1,-1,-1,-1
54,-1,455,549,45,119,1,-1,-1,-1
54,-1,584,552,30,80,1,-1,-1,-1
54,-1,1554,576,47,128,1,-1,-1,-1
54,-1,356,549,34,112,1,-1,-1,-1
55,-1,447,551,44,120,1,-1,-1,-1
55,-1,1558,568,52,140,1,-1,-1,-1
55,-1,578,548,30,84,1,-1,-1,-1
55,-1,356,551,39,118,1,-1,-1,-1
55,-1,1281,498,28,59,1,-1,-1,-1
55,-1,1380,501,24,58,1,-1,-1,-1
56,-1,577,546,32,88,1,-1,-1,-1
56,-1,451,556,40,111,1,-1,-1,-1
56,-1,1569,569,51,142,1,-1,-1,-1
56,-1,355,554,35,111,1,-1,-1,-1
57,-1,440,547,44,123,1,-1,-1,-1
57,-1,1570,561,55,147,1,-1,-1,-1
57,-1,573,541,34,94,1,-1,-1,-1
57,-1,342,544,42,126,1,-1,-1,-1
57,-1,781,503,24,63,1,-1,-1,-1
57,-1,1381,571,45,83,1,-1,-1,-1
58,-1,442,545,45,122,1,-1,-1,-1
58,-1,572,544,32,88,1,-1,-1,-1
58,-1,1567,558,55,152,1,-1,-1,-1
58,-1,342,539,40,130,1,-1,-1,-1
58,-1,1380,577,44,74,1,-1,-1,-1
59,-1,571,542,34,89,1,-1,-1,-1
59,-1,772,498,26,65,1,-1,-1,-1
59,-1,442,537,41,122,1,-1,-1,-1
59,-1,1571,579,50,124,1,-1,-1,-1
59,-1,348,535,38,132,1,-1,-1,-1
59,-1,1384,581,42,68,1,-1,-1,-1
60,-1,570,537,32,89,1,-1,-1,-1
60,-1,1567,558,57,155,1,-1,-1,-1
60,-1,1387,574,44,78,1,-1,-1,-1
60,-1,451,536,41,126,1,-1,-1,-1
60,-1,779,507,21,54,1,-1,-1,-1
61,-1,569,539,34,93,1,-1,-1,-1
61,-1,1391,575,42,80,1,-1,-1,-1
61,-1,1580,540,47,160,1,-1,-1,-1
61,-1,449,531,44,128,1,-1,-1,-1
61,-1,345,526,42,140,1,-1,-1,-1
61,-1,781,505,21,55,1,-1,-1,-1
62,-1,1583,559,55,153,1,-1,-1,-1
62,-1,568,543,31,86,1,-1,-1,-1
62,-1,1394,574,41,80,1,-1,-1,-1
62,-1,347,540,42,127,1,-1,-1,-1
62,-1,451,539,38,111,1,-1,-1,-1
63,-1,345,544,38,137,1,-1,-1,-1
63,-1,566,555,30,85,1,-1,-1,-1
63,-1,463,556,33,103,1,-1,-1,-1
63,-1,1598,545,47,147,1,-1,-1,-1
64,-1,439,532,42,127,1,-1,-1,-1
64,-1,1592,572,52,143,1,-1,-1,-1
64,-1,564,538,33,95,1,-1,-1,-1
64,-1,1385,576,44,76,1,-1,-1,-1
64,-1,355,530,43,140,1,-1,-1,-1
65,-1,568,547,32,92,1,-1,-1,-1
65,-1,1600,572,51,141,1,-1,-1,-1
65,-1,451,536,37,127,1,-1,-1,-1
65,-1,352,527,41,153,1,-1,-1,-1
66,-1,565,545,31,103,1,-1,-1,-1
66,-1,458,547,36,126,1,-1,-1,-1
66,-1,353,537,45,157,1,-1,-1,-1
66,-1,1614,567,58,142,1,-1,-1,-1
66,-1,1387,578,47,77,1,-1,-1,-1
67,-1,560,542,31,91,1,-1,-1,-1
67,-1,1622,579,59,143,1,-1,-1,-1
67,-1,459,538,35,114,1,-1,-1,-1
67,-1,358,533,43,140,1,-1,-1,-1
67,-1,264,534,48,142,1,-1,-1,-1
68,-1,1624,566,58,150,1,-1,-1,-1
68,-1,359,542,48,146,1,-1,-1,-1
68,-1,461,547,33,106,1,-1,-1,-1
68,-1,559,548,32,97,1,-1,-1,-1
68,-1,1391,575,43,77,1,-1,-1,-1
68,-1,772,493,25,76,1,-1,-1,-1
69,-1,557,550,37,93,1,-1,-1,-1
69,-1,1630,573,55,155,1,-1,-1,-1
69,-1,473,547,33,98,1,-1,-1,-1
69,-1,361,541,47,139,1,-1,-1,-1
69,-1,251,533,50,156,1,-1,-1,-1
69,-1,1391,595,45,77,1,-1,-1,-1
70,-1,553,545,37,98,1,-1,-1,-1
70,-1,1628,571,61,155,1,-1,-1,-1
70,-1,470,547,31,100,1,-1,-1,-1
70,-1,363,545,46,140,1,-1,-1,-1
70,-1,249,534,50,153,1,-1,-1,-1
71,-1,463,549,31,96,1,-1,-1,-1
71,-1,549,547,37,97,1,-1,-1,-1
71,-1,358,545,47,136,1,-1,-1,-1
71,-1,1275,502,25,55,1,-1,-1,-1
71,-1,1391,577,33,72,1,-1,-1,-1
72,-1,547,546,34,93,1,-1,-1,-1
72,-1,467,548,29,96,1,-1,-1,-1
72,-1,1283,503,24,56,1,-1,-1,-1
72,-1,1641,577,54,146,1,-1,-1,-1
72,-1,374,539,42,144,1,-1,-1,-1
73,-1,541,535,39,107,1,-1,-1,-1
73,-1,461,546,31,93,1,-1,-1,-1
73,-1,1641,575,59,162,1,-1,-1,-1
73,-1,349,534,48,146,1,-1,-1,-1
73,-1,1286,504,25,59,1,-1,-1,-1
74,-1,1648,571,55,157,1,-1,-1,-1
74,-1,455,547,34,90,1,-1,-1,-1
74,-1,541,541,41,103,1,-1,-1,-1
74,-1,348,535,47,146,1,-1,-1,-1
74,-1,1385,592,49,82,1,-1,-1,-1
74,-1,773,497,25,65,1,-1,-1,-1
74,-1,1598,518,21,50,1,-1,-1,-1
74,-1,1388,572,37,81,1,-1,-1,-1
75,-1,539,541,41,104,1,-1,-1,-1
75,-1,1654,574,53,157,1,-1,-1,-1
75,-1,463,548,33,90,1,-1,-1,-1
75,-1,342,524,48,160,1,-1,-1,-1
75,-1,1595,522,21,46,1,-1,-1,-1
75,-1,1290,503,27,58,1,-1,-1,-1
75,-1,1387,594,48,78,1,-1,-1,-1
76,-1,535,535,42,112,1,-1,-1,-1
76,-1,1658,573,53,167,1,-1,-1,-1
76,-1,466,545,33,91,1,-1,-1,-1
76,-1,350,528,49,152,1,-1,-1,-1
76,-1,1591,519,25,51,1,-1,-1,-1
76,-1,1278,501,26,61,1,-1,-1,-1
76,-1,771,496,24,66,1,-1,-1,-1
77,-1,534,534,46,115,1,-1,-1,-1
77,-1,467,547,36,87,1,-1,-1,-1
77,-1,1657,578,57,167,1,-1,-1,-1
77,-1,349,528,47,149,1,-1,-1,-1
77,-1,1192,505,28,59,1,-1,-1,-1
77,-1,1589,521,27,45,1,-1,-1,-1
78,-1,1659,580,60,170,1,-1,-1,-1
78,-1,358,530,50,151,1,-1,-1,-1
78,-1,465,543,35,94,1,-1,-1,-1
78,-1,530,534,45,113,1,-1,-1,-1
78,-1,1382,595,52,80,1,-1,-1,-1
78,-1,766,499,26,62,1,-1,-1,-1
78,-1,249,526,46,153,1,-1,-1,-1
78,-1,1589,518,27,51,1,-1,-1,-1
79,-1,1659,581,68,168,1,-1,-1,-1
79,-1,358,536,48,138,1,-1,-1,-1
79,-1,474,547,40,98,1,-1,-1,-1
79,-1,1194,500,26,61,1,-1,-1,-1
79,-1,1279,497,29,60,1,-1,-1,-1
79,-1,519,535,47,113,1,-1,-1,-1
79,-1,1380,604,51,72,1,-1,-1,-1
79,-1,1586,521,24,44,1,-1,-1,-1
80,-1,1662,575,67,174,1,-1,-1,-1
80,-1,471,550,41,103,1,-1,-1,-1
80,-1,367,543,46,130,1,-1,-1,-1
80,-1,1191,503,26,58,1,-1,-1,-1
80,-1,522,538,44,113,1,-1,-1,-1
80,-1,762,494,26,65,1,-1,-1,-1
80,-1,1582,520,27,51,1,-1,-1,-1
81,-1,1659,571,71,179,1,-1,-1,-1
81,-1,464,548,39,103,1,-1,-1,-1
81,-1,373,541,41,129,1,-1,-1,-1
81,-1,1584,518,26,53,1,-1,-1,-1
81,-1,765,499,22,59,1,-1,-1,-1
81,-1,252,531,48,156,1,-1,-1,-1
81,-1,152,542,47,147,1,-1,-1,-1
82,-1,1656,577,77,177,1,-1,-1,-1
82,-1,459,547,43,105,1,-1,-1,-1
82,-1,375,542,41,129,1,-1,-1,-1
82,-1,1580,516,23,56,1,-1,-1,-1
82,-1,1289,493,25,64,1,-1,-1,-1
82,-1,1183,497,29,65,1,-1,-1,-1
82,-1,762,500,22,56,1,-1,-1,-1
82,-1,143,529,51,162,1,-1,-1,-1
82,-1,254,532,48,153,1,-1,-1,-1
83,-1,1658,576,75,176,1,-1,-1,-1
83,-1,455,546,43,108,1,-1,-1,-1
83,-1,372,544,44,130,1,-1,-1,-1
83,-1,138,518,58,178,1,-1,-1,-1
83,-1,1578,515,26,56,1,-1,-1,-1
83,-1,253,520,51,171,1,-1,-1,-1
83,-1,755,491,27,68,1,-1,-1,-1
83,-1,1293,497,25,60,1,-1,-1,-1
84,-1,1658,571,75,186,1,-1,-1,-1
84,-1,450,547,45,108,1,-1,-1,-1
84,-1,244,517,58,173,1,-1,-1,-1
84,-1,371,546,43,124,1,-1,-1,-1
84,-1,137,527,54,166,1,-1,-1,-1
84,-1,762,498,21,61,1,-1,-1,-1
84,-1,1580,513,23,57,1,-1,-1,-1
84,-1,127,447,1590,255,1,-1,-1,-1
84,-1,1291,492,27,67,1,-1,-1,-1
84,-1,1376,603,51,80,1,-1,-1,-1
84,-1,1182,468,22,52,1,-1,-1,-1
85,-1,1656,574,79,184,1,-1,-1,-1
85,-1,448,547,46,108,1,-1,-1,-1
85,-1,374,554,40,108,1,-1,-1,-1
85,-1,242,533,50,156,1,-1,-1,-1
85,-1,1580,518,24,56,1,-1,-1,-1
85,-1,140,547,43,133,1,-1,-1,-1
86,-1,1659,572,79,189,1,-1,-1,-1
86,-1,447,548,44,106,1,-1,-1,-1
86,-1,366,550,37,108,1,-1,-1,-1
86,-1,235,539,48,148,1,-1,-1,-1
86,-1,753,492,25,68,1,-1,-1,-1
86,-1,1176,474,21,46,1,-1,-1,-1
86,-1,1285,496,27,58,1,-1,-1,-1
87,-1,1660,579,78,180,1,-1,-1,-1
87,-1,445,548,45,110,1,-1,-1,-1
87,-1,363,554,36,107,1,-1,-1,-1
87,-1,237,542,44,146,1,-1,-1,-1
87,-1,1579,521,25,48,1,-1,-1,-1
87,-1,1285,498,25,57,1,-1,-1,-1
87,-1,1177,496,29,63,1,-1,-1,-1
88,-1,1662,579,78,182,1,-1,-1,-1
88,-1,445,550,42,107,1,-1,-1,-1
88,-1,372,553,38,107,1,-1,-1,-1
88,-1,1577,517,23,52,1,-1,-1,-1
88,-1,1183,500,27,60,1,-1,-1,-1
88,-1,1282,502,23,53,1,-1,-1,-1
88,-1,1498,509,21,53,1,-1,-1,-1
89,-1,1665,582,78,179,1,-1,-1,-1
89,-1,439,547,46,115,1,-1,-1,-1
89,-1,374,552,38,105,1,-1,-1,-1
89,-1,1374,620,46,77,1,-1,-1,-1
89,-1,1575,519,23,55,1,-1,-1,-1
89,-1,738,484,32,82,1,-1,-1,-1
90,-1,436,548,45,118,1,-1,-1,-1
90,-1,1674,584,72,185,1,-1,-1,-1
90,-1,363,550,40,110,1,-1,-1,-1
90,-1,1374,617,45,79,1,-1,-1,-1
90,-1,1578,523,21,49,1,-1,-1,-1
90,-1,743,492,29,75,1,-1,-1,-1
90,-1,231,561,55,147,1,-1,-1,-1
91,-1,433,550,45,123,1,-1,-1,-1
91,-1,1673,580,74,192,1,-1,-1,-1
91,-1,367,554,39,108,1,-1,-1,-1
91,-1,234,564,56,143,1,-1,-1,-1
91,-1,115,560,48,151,1,-1,-1,-1
91,-1,743,490,30,78,1,-1,-1,-1
91,-1,1362,623,59,72,1,-1,-1,-1
91,-1,1576,523,21,49,1,-1,-1,-1
91,-1,1182,504,23,60,1,-1,-1,-1
92,-1,431,550,42,127,1,-1,-1,-1
92,-1,240,573,59,135,1,-1,-1,-1
92,-1,373,559,37,102,1,-1,-1,-1
92,-1,1670,581,78,193,1,-1,-1,-1
92,-1,124,572,45,140,1,-1,-1,-1
92,-1,1362,622,63,81,1,-1,-1,-1
92,-1,1282,504,23,57,1,-1,-1,-1
92,-1,1577,521,21,57,1,-1,-1,-1
93,-1,236,564,59,145,1,-1,-1,-1
93,-1,368,562,37,103,1,-1,-1,-1
93,-1,123,561,47,152,1,-1,-1,-1
93,-1,1172,496,23,62,1,-1,-1,-1
93,-1,1576,518,22,59,1,-1,-1,-1
93,-1,434,553,40,126,1,-1,-1,-1
93,-1,1281,496,23,63,1,-1,-1,-1
94,-1,230,566,61,144,1,-1,-1,-1
94,-1,132,567,49,147,1,-1,-1,-1
94,-1,372,566,38,100,1,-1,-1,-1
94,-1,1709,606,76,178,1,-1,-1,-1
94,-1,1167,502,21,55,1,-1,-1,-1
94,-1,1278,502,22,55,1,-1,-1,-1
94,-1,1369,629,52,72,1,-1,-1,-1
94,-1,34,585,54,153,1,-1,-1,-1
94,-1,439,558,37,117,1,-1,-1,-1
95,-1,228,561,59,150,1,-1,-1,-1
95,-1,362,562,44,109,1,-1,-1,-1
95,-1,1712,612,72,180,1,-1,-1,-1
95,-1,1162,505,20,57,1,-1,-1,-1
95,-1,1278,503,22,57,1,-1,-1,-1
95,-1,433,557,40,123,1,-1,-1,-1
96,-1,1161,505,21,63,1,-1,-1,-1
96,-1,362,558,43,117,1,-1,-1,-1
96,-1,226,563,56,149,1,-1,-1,-1
96,-1,1278,505,21,57,1,-1,-1,-1
96,-1,1710,603,80,190,1,-1,-1,-1
96,-1,1504,521,20,59,1,-1,-1,-1
96,-1,353,571,45,121,1,-1,-1,-1
96,-1,1576,521,21,57,1,-1,-1,-1
97,-1,1165,507,20,63,1,-1,-1,-1
97,-1,224,563,59,146,1,-1,-1,-1
97,-1,357,558,44,117,1,-1,-1,-1
97,-1,1708,601,77,199,1,-1,-1,-1
97,-1,444,553,38,126,1,-1,-1,-1
97,-1,142,565,56,150,1,-1,-1,-1
97,-1,1280,505,20,57,1,-1,-1,-1
98,-1,1708,610,80,198,1,-1,-1,-1
98,-1,233,568,58,147,1,-1,-1,-1
98,-1,349,567,45,133,1,-1,-1,-1
98,-1,1171,506,19,59,1,-1,-1,-1
98,-1,1277,507,22,57,1,-1,-1,-1
98,-1,364,565,35,100,1,-1,-1,-1
98,-1,446,551,35,128,1,-1,-1,-1
99,-1,1706,607,86,208,1,-1,-1,-1
99,-1,229,574,55,135,1,-1,-1,-1
99,-1,346,572,48,127,1,-1,-1,-1
99,-1,136,574,49,142,1,-1,-1,-1
99,-1,1174,500,20,58,1,-1,-1,-1
99,-1,1277,500,21,60,1,-1,-1,-1
99,-1,369,564,37,103,1,-1,-1,-1
100,-1,246,580,50,129,1,-1,-1,-1
100,-1,1709,602,84,215,1,-1,-1,-1
100,-1,346,569,46,133,1,-1,-1,-1
100,-1,139,576,52,143,1,-1,-1,-1
100,-1,1155,500,22,61,1,-1,-1,-1
100,-1,1270,499,22,67,1,-1,-1,-1
100,-1,1369,632,39,77,1,-1,-1,-1
101,-1,239,577,55,130,1,-1,-1,-1
101,-1,136,577,59,144,1,-1,-1,-1
101,-1,1712,612,84,206,1,-1,-1,-1
101,-1,1173,505,20,59,1,-1,-1,-1
101,-1,347,569,47,129,1,-1,-1,-1
101,-1,1267,507,20,64,1,-1,-1,-1
101,-1,1109,504,22,52,1,-1,-1,-1
101,-1,371,571,32,80,1,-1,-1,-1
102,-1,135,579,58,143,1,-1,-1,-1
102,-1,1715,615,84,203,1,-1,-1,-1
102,-1,255,580,47,124,1,-1,-1,-1
102,-1,1179,500,22,60,1,-1,-1,-1
102,-1,341,572,46,128,1,-1,-1,-1
102,-1,1262,499,23,66,1,-1,-1,-1
102,-1,668,521,25,62,1,-1,-1,-1
102,-1,1368,631,41,78,1,-1,-1,-1
102,-1,1106,499,24,57,1,-1,-1,-1
103,-1,259,585,45,116,1,-1,-1,-1
103,-1,1716,615,88,204,1,-1,-1,-1
103,-1,339,568,45,135,1,-1,-1,-1
103,-1,1165,503,22,61,1,-1,-1,-1
103,-1,136,583,52,137,1,-1,-1,-1
103,-1,1270,498,23,66,1,-1,-1,-1
103,-1,1112,502,24,56,1,-1,-1,-1
104,-1,119,579,65,140,1,-1,-1,-1
104,-1,1711,629,91,192,1,-1,-1,-1
104,-1,248,581,49,117,1,-1,-1,-1
104,-1,348,549,41,133,1,-1,-1,-1
104,-1,333,566,49,136,1,-1,-1,-1
104,-1,665,513,27,67,1,-1,-1,-1
104,-1,1168,502,24,58,1,-1,-1,-1
105,-1,257,582,47,121,1,-1,-1,-1
105,-1,1165,506,22,56,1,-1,-1,-1
105,-1,136,575,55,146,1,-1,-1,-1
105,-1,1715,629,93,193,1,-1,-1,-1
105,-1,359,558,36,108,1,-1,-1,-1
105,-1,334,567,45,135,1,-1,-1,-1
105,-1,666,527,25,57,1,-1,-1,-1
105,-1,1487,522,24,63,1,-1,-1,-1
106,-1,1718,630,94,197,1,-1,-1,-1
106,-1,337,544,45,140,1,-1,-1,-1
106,-1,1174,500,21,57,1,-1,-1,-1
106,-1,1498,517,27,70,1,-1,-1,-1
106,-1,125,568,62,157,1,-1,-1,-1
106,-1,1263,501,23,63,1,-1,-1,-1
106,-1,656,520,27,58,1,-1,-1,-1
107,-1,1721,628,100,197,1,-1,-1,-1
107,-1,1173,505,23,56,1,-1,-1,-1
107,-1,1626,477,64,176,1,-1,-1,-1
107,-1,892,508,34,56,1,-1,-1,-1
107,-1,653,519,28,62,1,-1,-1,-1
107,-1,338,548,45,129,1,-1,-1,-1
107,-1,1098,504,26,59,1,-1,-1,-1
107,-1,249,581,48,119,1,-1,-1,-1
107,-1,126,565,64,161,1,-1,-1,-1
108,-1,1721,627,102,206,1,-1,-1,-1
108,-1,125,565,62,159,1,-1,-1,-1
108,-1,339,540,48,146,1,-1,-1,-1
108,-1,652,510,27,68,1,-1,-1,-1
108,-1,21,564,59,165,1,-1,-1,-1
108,-1,241,574,51,131,1,-1,-1,-1
108,-1,1196,499,21,60,1,-1,-1,-1
108,-1,1620,481,69,149,1,-1,-1,-1
108,-1,1269,497,25,70,1,-1,-1,-1
108,-1,1474,518,28,66,1,-1,-1,-1
108,-1,1097,498,25,64,1,-1,-1,-1
109,-1,147,571,57,150,1,-1,-1,-1
109,-1,1727,627,96,206,1,-1,-1,-1
109,-1,240,570,49,135,1,-1,-1,-1
109,-1,26,564,65,165,1,-1,-1,-1
109,-1,339,543,45,142,1,-1,-1,-1
109,-1,1181,501,24,58,1,-1,-1,-1
109,-1,1095,502,23,58,1,-1,-1,-1
110,-1,1725,633,101,212,1,-1,-1,-1
110,-1,239,568,50,141,1,-1,-1,-1
110,-1,1202,500,23,60,1,-1,-1,-1
110,-1,334,543,48,144,1,-1,-1,-1
110,-1,1088,494,26,73,1,-1,-1,-1
110,-1,149,566,56,149,1,-1,-1,-1
110,-1,1261,502,24,69,1,-1,-1,-1
110,-1,32,558,65,167,1,-1,-1,-1
110,-1,1468,525,28,60,1,-1,-1,-1
111,-1,1732,628,92,217,1,-1,-1,-1
111,-1,139,574,52,141,1,-1,-1,-1
111,-1,240,573,49,134,1,-1,-1,-1
111,-1,1096,504,24,62,1,-1,-1,-1
111,-1,1185,506,22,52,1,-1,-1,-1
111,-1,340,548,42,129,1,-1,-1,-1
111,-1,29,566,59,156,1,-1,-1,-1
111,-1,1277,507,22,60,1,-1,-1,-1
112,-1,149,583,55,128,1,-1,-1,-1
112,-1,1733,632,91,215,1,-1,-1,-1
112,-1,1083,505,24,62,1,-1,-1,-1
112,-1,228,570,55,141,1,-1,-1,-1
112,-1,1192,501,22,55,1,-1,-1,-1
112,-1,330,538,53,158,1,-1,-1,-1
112,-1,18,564,64,163,1,-1,-1,-1
112,-1,1268,502,25,66,1,-1,-1,-1
113,-1,228,564,55,146,1,-1,-1,-1
113,-1,141,580,51,128,1,-1,-1,-1
113,-1,1086,495,24,70,1,-1,-1,-1
113,-1,1736,632,91,219,1,-1,-1,-1
113,-1,1183,504,21,56,1,-1,-1,-1
113,-1,19,564,67,167,1,-1,-1,-1
113,-1,327,541,49,151,1,-1,-1,-1
113,-1,1489,541,21,51,1,-1,-1,-1
113,-1,648,505,28,67,1,-1,-1,-1
114,-1,226,572,55,139,1,-1,-1,-1
114,-1,139,587,48,118,1,-1,-1,-1
114,-1,25,572,60,161,1,-1,-1,-1
114,-1,1082,501,25,64,1,-1,-1,-1
114,-1,1739,631,84,217,1,-1,-1,-1
114,-1,1187,503,22,53,1,-1,-1,-1
114,-1,312,568,48,136,1,-1,-1,-1
115,-1,230,570,52,139,1,-1,-1,-1
115,-1,149,592,48,113,1,-1,-1,-1
115,-1,22,569,60,165,1,-1,-1,-1
115,-1,1738,634,89,226,1,-1,-1,-1
115,-1,1198,506,21,56,1,-1,-1,-1
115,-1,1081,497,24,69,1,-1,-1,-1
115,-1,1491,534,21,54,1,-1,-1,-1
115,-1,1265,503,22,63,1,-1,-1,-1
116,-1,26,573,59,165,1,-1,-1,-1
116,-1,133,593,47,115,1,-1,-1,-1
116,-1,226,574,54,137,1,-1,-1,-1
116,-1,1190,509,22,55,1,-1,-1,-1
116,-1,1078,498,22,62,1,-1,-1,-1
116,-1,1742,636,87,224,1,-1,-1,-1
117,-1,135,595,49,116,1,-1,-1,-1
117,-1,234,578,53,135,1,-1,-1,-1
117,-1,27,575,61,162,1,-1,-1,-1
117,-1,1071,494,24,76,1,-1,-1,-1
117,-1,1199,504,21,58,1,-1,-1,-1
117,-1,1280,508,20,64,1,-1,-1,-1
118,-1,128,585,50,128,1,-1,-1,-1
118,-1,232,571,56,146,1,-1,-1,-1
118,-1,1190,507,22,56,1,-1,-1,-1
118,-1,1077,503,22,65,1,-1,-1,-1
118,-1,33,571,56,170,1,-1,-1,-1
119,-1,121,574,56,143,1,-1,-1,-1
119,-1,1191,508,23,57,1,-1,-1,-1
119,-1,236,575,52,142,1,-1,-1,-1
119,-1,39,572,54,176,1,-1,-1,-1
119,-1,1275,511,22,60,1,-1,-1,-1
119,-1,1068,499,22,66,1,-1,-1,-1
119,-1,1485,530,21,56,1,-1,-1,-1
120,-1,123,575,53,148,1,-1,-1,-1
120,-1,235,570,53,145,1,-1,-1,-1
120,-1,1182,506,21,56,1,-1,-1,-1
120,-1,36,572,53,178,1,-1,-1,-1
120,-1,1080,498,23,65,1,-1,-1,-1
120,-1,1290,651,39,80,1,-1,-1,-1
120,-1,1284,517,20,54,1,-1,-1,-1
121,-1,118,581,56,143,1,-1,-1,-1
121,-1,28,575,50,170,1,-1,-1,-1
121,-1,1054,495,24,67,1,-1,-1,-1
121,-1,1181,504,22,55,1,-1,-1,-1
121,-1,1736,628,118,264,1,-1,-1,-1
121,-1,234,572,49,143,1,-1,-1,-1
122,-1,112,581,51,145,1,-1,-1,-1
122,-1,33,586,45,156,1,-1,-1,-1
122,-1,1183,501,26,67,1,-1,-1,-1
122,-1,1062,490,23,74,1,-1,-1,-1
122,-1,1741,626,116,270,1,-1,-1,-1
122,-1,1741,556,41,95,1,-1,-1,-1
123,-1,110,582,53,152,1,-1,-1,-1
123,-1,1055,499,24,65,1,-1,-1,-1
123,-1,32,593,49,150,1,-1,-1,-1
123,-1,1175,503,25,60,1,-1,-1,-1
123,-1,1749,628,116,269,1,-1,-1,-1
124,-1,103,583,55,155,1,-1,-1,-1
124,-1,1060,491,23,73,1,-1,-1,-1
124,-1,1176,499,23,64,1,-1,-1,-1
124,-1,31,601,45,132,1,-1,-1,-1
124,-1,222,571,49,149,1,-1,-1,-1
124,-1,1753,626,116,273,1,-1,-1,-1
125,-1,115,588,50,137,1,-1,-1,-1
125,-1,1066,495,21,66,1,-1,-1,-1
125,-1,1175,502,22,60,1,-1,-1,-1
125,-1,25,604,40,113,1,-1,-1,-1
125,-1,218,573,47,143,1,-1,-1,-1
125,-1,1764,630,114,276,1,-1,-1,-1
125,-1,1735,553,43,100,1,-1,-1,-1
126,-1,550,513,30,68,1,-1,-1,-1
126,-1,98,589,48,141,1,-1,-1,-1
126,-1,1067,498,21,61,1,-1,-1,-1
126,-1,1175,503,24,59,1,-1,-1,-1
126,-1,31,602,42,118,1,-1,-1,-1
126,-1,1733,554,43,99,1,-1,-1,-1
127,-1,1064,490,25,73,1,-1,-1,-1
127,-1,106,595,51,135,1,-1,-1,-1
127,-1,1174,506,24,63,1,-1,-1,-1
127,-1,29,603,49,124,1,-1,-1,-1
127,-1,1734,553,42,93,1,-1,-1,-1
127,-1,1780,644,135,272,1,-1,-1,-1
128,-1,114,595,48,140,1,-1,-1,-1
128,-1,1051,502,23,61,1,-1,-1,-1
128,-1,27,603,47,128,1,-1,-1,-1
128,-1,1774,643,144,277,1,-1,-1,-1
128,-1,1010,505,25,53,1,-1,-1,-1
128,-1,542,520,29,60,1,-1,-1,-1
129,-1,1069,494,25,71,1,-1,-1,-1
129,-1,29,598,51,137,1,-1,-1,-1
129,-1,1166,502,26,66,1,-1,-1,-1
129,-1,1730,559,44,98,1,-1,-1,-1
130,-1,1063,496,24,68,1,-1,-1,-1
130,-1,1165,503,23,65,1,-1,-1,-1
130,-1,1008,495,26,65,1,-1,-1,-1
130,-1,537,517,29,72,1,-1,-1,-1
130,-1,29,593,56,150,1,-1,-1,-1
131,-1,1074,505,22,57,1,-1,-1,-1
131,-1,1001,503,25,58,1,-1,-1,-1
131,-1,27,580,59,166,1,-1,-1,-1
131,-1,1174,507,21,59,1,-1,-1,-1
131,-1,536,514,28,74,1,-1,-1,-1
131,-1,128,579,45,154,1,-1,-1,-1
132,-1,1092,502,24,59,1,-1,-1,-1
132,-1,1168,507,25,66,1,-1,-1,-1
132,-1,26,584,59,162,1,-1,-1,-1
132,-1,1714,564,32,79,1,-1,-1,-1
132,-1,1784,665,136,290,1,-1,-1,-1
132,-1,538,518,27,66,1,-1,-1,-1
132,-1,1729,563,41,87,1,-1,-1,-1
133,-1,1081,503,22,58,1,-1,-1,-1
133,-1,15,581,67,176,1,-1,-1,-1
133,-1,128,579,48,156,1,-1,-1,-1
133,-1,1792,669,128,288,1,-1,-1,-1
133,-1,1709,563,34,90,1,-1,-1,-1
133,-1,1163,506,23,60,1,-1,-1,-1
133,-1,535,512,30,78,1,-1,-1,-1
133,-1,1003,502,24,59,1,-1,-1,-1
134,-1,1090,502,25,61,1,-1,-1,-1
134,-1,1710,562,36,96,1,-1,-1,-1
134,-1,1159,504,25,65,1,-1,-1,-1
134,-1,1808,667,112,295,1,-1,-1,-1
134,-1,9,570,72,194,1,-1,-1,-1
134,-1,985,501,27,60,1,-1,-1,-1
134,-1,1396,533,20,54,1,-1,-1,-1
135,-1,1706,559,39,102,1,-1,-1,-1
135,-1,16,571,60,189,1,-1,-1,-1
135,-1,1092,504,23,60,1,-1,-1,-1
135,-1,1815,666,105,304,1,-1,-1,-1
135,-1,988,498,23,60,1,-1,-1,-1
135,-1,125,583,48,137,1,-1,-1,-1
135,-1,1584,571,37,92,1,-1,-1,-1
135,-1,1725,556,45,102,1,-1,-1,-1
135,-1,1164,507,24,65,1,-1,-1,-1
136,-1,1700,555,41,105,1,-1,-1,-1
136,-1,17,570,62,188,1,-1,-1,-1
136,-1,987,499,25,67,1,-1,-1,-1
136,-1,1819,668,101,302,1,-1,-1,-1
136,-1,1583,567,37,98,1,-1,-1,-1
136,-1,1094,507,24,54,1,-1,-1,-1
136,-1,120,574,49,147,1,-1,-1,-1
136,-1,1160,502,27,64,1,-1,-1,-1
136,-1,490,514,25,72,1,-1,-1,-1
136,-1,1725,552,45,102,1,-1,-1,-1
137,-1,1695,556,46,105,1,-1,-1,-1
137,-1,974,496,27,68,1,-1,-1,-1
137,-1,1095,502,24,59,1,-1,-1,-1
137,-1,1579,564,40,98,1,-1,-1,-1
137,-1,1824,670,96,302,1,-1,-1,-1
137,-1,489,515,25,69,1,-1,-1,-1
137,-1,1162,507,24,62,1,-1,-1,-1
138,-1,1696,557,44,107,1,-1,-1,-1
138,-1,976,494,26,67,1,-1,-1,-1
138,-1,1085,504,25,52,1,-1,-1,-1
138,-1,1579,562,37,99,1,-1,-1,-1
138,-1,1830,674,90,299,1,-1,-1,-1
138,-1,492,518,27,69,1,-1,-1,-1
139,-1,1692,550,48,113,1,-1,-1,-1
139,-1,1096,503,24,61,1,-1,-1,-1
139,-1,1575,556,38,102,1,-1,-1,-1
139,-1,477,505,31,86,1,-1,-1,-1
139,-1,977,497,25,68,1,-1,-1,-1
139,-1,1834,668,86,317,1,-1,-1,-1
139,-1,1165,501,25,69,1,-1,-1,-1
139,-1,1371,531,21,56,1,-1,-1,-1
139,-1,1299,521,23,65,1,-1,-1,-1
140,-1,1691,549,46,110,1,-1,-1,-1
140,-1,466,500,34,91,1,-1,-1,-1
140,-1,1088,503,26,57,1,-1,-1,-1
140,-1,982,495,25,65,1,-1,-1,-1
140,-1,1576,548,38,105,1,-1,-1,-1
140,-1,1840,674,80,311,1,-1,-1,-1
141,-1,1689,550,46,107,1,-1,-1,-1
141,-1,1087,502,24,60,1,-1,-1,-1
141,-1,1573,549,39,105,1,-1,-1,-1
141,-1,463,517,26,70,1,-1,-1,-1
141,-1,985,500,22,59,1,-1,-1,-1
142,-1,1689,549,46,111,1,-1,-1,-1
142,-1,1079,503,28,59,1,-1,-1,-1
142,-1,463,519,29,71,1,-1,-1,-1
142,-1,987,496,24,63,1,-1,-1,-1
142,-1,1167,502,24,62,1,-1,-1,-1
143,-1,1688,550,47,108,1,-1,-1,-1
143,-1,455,501,35,87,1,-1,-1,-1
143,-1,1559,548,41,103,1,-1,-1,-1
143,-1,1084,504,25,58,1,-1,-1,-1
143,-1,984,495,24,67,1,-1,-1,-1
144,-1,1688,551,46,115,1,-1,-1,-1
144,-1,1085,507,25,55,1,-1,-1,-1
144,-1,981,497,22,63,1,-1,-1,-1
144,-1,1555,551,41,103,1,-1,-1,-1
144,-1,1360,529,24,57,1,-1,-1,-1
144,-1,459,512,30,82,1,-1,-1,-1
144,-1,1171,506,24,61,1,-1,-1,-1
145,-1,1687,555,47,112,1,-1,-1,-1
145,-1,454,511,29,83,1,-1,-1,-1
145,-1,1090,503,21,59,1,-1,-1,-1
145,-1,974,497,21,64,1,-1,-1,-1
145,-1,1558,557,37,102,1,-1,-1,-1
146,-1,1682,552,52,116,1,-1,-1,-1
146,-1,1539,559,45,107,1,-1,-1,-1
146,-1,1080,503,25,60,1,-1,-1,-1
146,-1,446,519,29,74,1,-1,-1,-1
146,-1,1355,527,29,64,1,-1,-1,-1
146,-1,968,497,24,64,1,-1,-1,-1
147,-1,1692,562,46,108,1,-1,-1,-1
147,-1,1084,507,21,60,1,-1,-1,-1
147,-1,966,495,23,68,1,-1,-1,-1
147,-1,444,523,28,66,1,-1,-1,-1
147,-1,1550,564,39,103,1,-1,-1,-1
148,-1,1691,563,44,104,1,-1,-1,-1
148,-1,1545,564,42,107,1,-1,-1,-1
148,-1,1080,511,24,57,1,-1,-1,-1
148,-1,972,504,21,57,1,-1,-1,-1
148,-1,1362,531,25,58,1,-1,-1,-1
148,-1,443,510,29,82,1,-1,-1,-1
149,-1,1693,564,40,100,1,-1,-1,-1
149,-1,1546,565,38,104,1,-1,-1,-1
149,-1,443,510,29,87,1,-1,-1,-1
149,-1,970,495,22,63,1,-1,-1,-1
149,-1,1078,506,23,59,1,-1,-1,-1
149,-1,1360,533,24,57,1,-1,-1,-1
150,-1,1695,561,40,105,1,-1,-1,-1
150,-1,1077,507,27,63,1,-1,-1,-1
150,-1,955,495,25,70,1,-1,-1,-1
150,-1,441,511,28,87,1,-1,-1,-1
150,-1,1548,562,37,108,1,-1,-1,-1
150,-1,1357,533,27,62,1,-1,-1,-1
151,-1,965,502,22,56,1,-1,-1,-1
151,-1,1074,510,28,56,1,-1,-1,-1
151,-1,1697,562,40,98,1,-1,-1,-1
151,-1,437,515,28,85,1,-1,-1,-1
152,-1,1699,561,39,98,1,-1,-1,-1
152,-1,964,493,25,64,1,-1,-1,-1
152,-1,1085,505,27,57,1,-1,-1,-1
152,-1,440,507,29,89,1,-1,-1,-1
152,-1,1265,540,32,79,1,-1,-1,-1
152,-1,1288,526,25,64,1,-1,-1,-1
153,-1,952,486,30,78,1,-1,-1,-1
153,-1,1073,500,26,67,1,-1,-1,-1
153,-1,1699,561,41,96,1,-1,-1,-1
154,-1,964,497,25,63,1,-1,-1,-1
154,-1,389,487,34,118,1,-1,-1,-1
154,-1,1071,508,26,57,1,-1,-1,-1
155,-1,981,497,25,62,1,-1,-1,-1
155,-1,1072,505,25,56,1,-1,-1,-1
156,-1,985,497,25,66,1,-1,-1,-1
156,-1,1479,534,43,128,1,-1,-1,-1
156,-1,1070,501,25,66,1,-1,-1,-1
156,-1,891,501,24,54,1,-1,-1,-1
156,-1,383,494,35,105,1,-1,-1,-1
156,-1,1280,521,29,71,1,-1,-1,-1
157,-1,362,484,45,124,1,-1,-1,-1
157,-1,1477,544,38,113,1,-1,-1,-1
157,-1,984,499,24,62,1,-1,-1,-1
157,-1,1064,504,27,61,1,-1,-1,-1
157,-1,893,502,24,53,1,-1,-1,-1
158,-1,978,500,24,61,1,-1,-1,-1
158,-1,889,502,26,56,1,-1,-1,-1
158,-1,1477,542,37,109,1,-1,-1,-1
158,-1,361,504,36,96,1,-1,-1,-1
158,-1,1070,504,24,62,1,-1,-1,-1
158,-1,1279,515,29,72,1,-1,-1,-1
159,-1,984,502,25,59,1,-1,-1,-1
159,-1,1063,504,25,62,1,-1,-1,-1
159,-1,882,498,26,58,1,-1,-1,-1
159,-1,1476,544,32,99,1,-1,-1,-1
159,-1,361,509,33,86,1,-1,-1,-1
160,-1,975,500,26,59,1,-1,-1,-1
160,-1,348,490,38,111,1,-1,-1,-1
160,-1,1467,537,35,108,1,-1,-1,-1
160,-1,1056,505,30,59,1,-1,-1,-1
160,-1,872,501,25,50,1,-1,-1,-1
161,-1,1459,542,39,112,1,-1,-1,-1
161,-1,983,500,26,60,1,-1,-1,-1
161,-1,346,495,37,107,1,-1,-1,-1
161,-1,884,500,22,54,1,-1,-1,-1
161,-1,1062,501,25,62,1,-1,-1,-1
162,-1,990,506,26,56,1,-1,-1,-1
162,-1,885,504,23,53,1,-1,-1,-1
162,-1,1063,506,26,60,1,-1,-1,-1
162,-1,357,546,31,68,1,-1,-1,-1
162,-1,1453,545,33,106,1,-1,-1,-1
163,-1,987,505,23,54,1,-1,-1,-1
163,-1,888,501,22,54,1,-1,-1,-1
163,-1,1062,508,23,58,1,-1,-1,-1
164,-1,1439,548,42,107,1,-1,-1,-1
164,-1,998,503,25,60,1,-1,-1,-1
164,-1,1059,506,26,61,1,-1,-1,-1
164,-1,354,542,33,71,1,-1,-1,-1
164,-1,872,502,25,54,1,-1,-1,-1
165,-1,1431,537,49,122,1,-1,-1,-1
165,-1,992,502,24,59,1,-1,-1,-1
165,-1,883,498,25,61,1,-1,-1,-1
165,-1,1067,506,22,61,1,-1,-1,-1
165,-1,573,496,30,56,1,-1,-1,-1
166,-1,1424,536,54,125,1,-1,-1,-1
166,-1,986,504,29,58,1,-1,-1,-1
166,-1,1057,505,28,62,1,-1,-1,-1
167,-1,978,506,23,57,1,-1,-1,-1
167,-1,1069,509,23,58,1,-1,-1,-1
167,-1,326,483,41,133,1,-1,-1,-1
167,-1,576,493,27,58,1,-1,-1,-1
167,-1,894,500,23,54,1,-1,-1,-1
168,-1,982,504,29,59,1,-1,-1,-1
168,-1,1063,503,26,63,1,-1,-1,-1
168,-1,287,496,34,107,1,-1,-1,-1
168,-1,865,498,26,56,1,-1,-1,-1
168,-1,333,490,35,118,1,-1,-1,-1
169,-1,979,504,27,60,1,-1,-1,-1
169,-1,1069,507,24,62,1,-1,-1,-1
169,-1,1423,529,47,129,1,-1,-1,-1
169,-1,282,502,34,100,1,-1,-1,-1
169,-1,878,501,24,55,1,-1,-1,-1
169,-1,574,499,29,51,1,-1,-1,-1
170,-1,982,504,27,62,1,-1,-1,-1
170,-1,280,496,35,112,1,-1,-1,-1
170,-1,879,500,21,59,1,-1,-1,-1
170,-1,1068,507,24,62,1,-1,-1,-1
171,-1,986,504,27,61,1,-1,-1,-1
171,-1,1070,508,24,59,1,-1,-1,-1
171,-1,867,499,23,61,1,-1,-1,-1
171,-1,279,493,34,107,1,-1,-1,-1
172,-1,987,504,27,63,1,-1,-1,-1
172,-1,862,495,23,65,1,-1,-1,-1
172,-1,1067,504,24,62,1,-1,-1,-1
172,-1,272,489,35,117,1,-1,-1,-1
172,-1,1176,539,38,86,1,-1,-1,-1
173,-1,992,498,29,65,1,-1,-1,-1
173,-1,267,494,37,112,1,-1,-1,-1
173,-1,1067,497,26,68,1,-1,-1,-1
174,-1,983,505,25,61,1,-1,-1,-1
174,-1,264,498,35,103,1,-1,-1,-1
174,-1,855,500,25,57,1,-1,-1,-1
175,-1,983,502,27,64,1,-1,-1,-1
175,-1,257,490,39,115,1,-1,-1,-1
175,-1,868,496,23,64,1,-1,-1,-1
176,-1,979,503,29,64,1,-1,-1,-1
176,-1,256,492,38,110,1,-1,-1,-1
176,-1,859,504,24,57,1,-1,-1,-1
176,-1,1068,503,26,62,1,-1,-1,-1
177,-1,979,499,28,70,1,-1,-1,-1
177,-1,856,493,26,73,1,-1,-1,-1
177,-1,1071,501,25,65,1,-1,-1,-1
177,-1,246,502,39,107,1,-1,-1,-1
177,-1,1185,515,29,73,1,-1,-1,-1
178,-1,978,500,28,67,1,-1,-1,-1
178,-1,248,500,39,106,1,-1,-1,-1
178,-1,865,494,25,69,1,-1,-1,-1
178,-1,1187,516,27,76,1,-1,-1,-1
178,-1,1064,506,25,62,1,-1,-1,-1
179,-1,970,500,29,70,1,-1,-1,-1
179,-1,247,495,35,108,1,-1,-1,-1
179,-1,1362,537,51,130,1,-1,-1,-1
179,-1,869,496,26,65,1,-1,-1,-1
179,-1,1072,506,26,61,1,-1,-1,-1
179,-1,1177,516,29,73,1,-1,-1,-1
179,-1,261,543,33,74,1,-1,-1,-1
180,-1,855,496,24,64,1,-1,-1,-1
180,-1,978,505,28,58,1,-1,-1,-1
180,-1,239,482,42,128,1,-1,-1,-1
180,-1,459,488,27,67,1,-1,-1,-1
180,-1,1362,540,50,127,1,-1,-1,-1
181,-1,970,506,30,58,1,-1,-1,-1
181,-1,1360,542,52,127,1,-1,-1,-1
181,-1,238,485,43,124,1,-1,-1,-1
181,-1,866,497,23,60,1,-1,-1,-1
182,-1,972,505,32,58,1,-1,-1,-1
182,-1,862,501,23,56,1,-1,-1,-1
182,-1,235,480,45,135,1,-1,-1,-1
182,-1,1360,536,46,130,1,-1,-1,-1
183,-1,1358,534,50,128,1,-1,-1,-1
183,-1,856,495,27,63,1,-1,-1,-1
183,-1,976,506,28,58,1,-1,-1,-1
183,-1,1169,536,38,94,1,-1,-1,-1
183,-1,1069,508,27,61,1,-1,-1,-1
183,-1,246,552,29,71,1,-1,-1,-1
184,-1,1357,536,51,126,1,-1,-1,-1
184,-1,973,506,28,63,1,-1,-1,-1
184,-1,863,499,22,63,1,-1,-1,-1
184,-1,231,489,41,124,1,-1,-1,-1
184,-1,244,546,36,79,1,-1,-1,-1
185,-1,1358,534,49,128,1,-1,-1,-1
185,-1,249,545,34,80,1,-1,-1,-1
185,-1,239,488,37,125,1,-1,-1,-1
186,-1,1358,535,49,127,1,-1,-1,-1
186,-1,855,494,29,66,1,-1,-1,-1
186,-1,1602,551,43,107,1,-1,-1,-1
187,-1,853,494,28,68,1,-1,-1,-1
187,-1,1364,534,42,126,1,-1,-1,-1
187,-1,971,505,27,57,1,-1,-1,-1
187,-1,1599,555,45,105,1,-1,-1,-1
188,-1,864,499,25,60,1,-1,-1,-1
188,-1,1355,534,50,130,1,-1,-1,-1
188,-1,1600,548,45,115,1,-1,-1,-1
188,-1,231,485,44,138,1,-1,-1,-1
188,-1,970,505,27,54,1,-1,-1,-1
189,-1,1347,534,53,131,1,-1,-1,-1
189,-1,859,497,26,64,1,-1,-1,-1
189,-1,1602,556,43,109,1,-1,-1,-1
189,-1,974,505,31,56,1,-1,-1,-1
190,-1,1352,534,50,132,1,-1,-1,-1
190,-1,883,499,24,61,1,-1,-1,-1
190,-1,969,503,30,63,1,-1,-1,-1
190,-1,1599,547,44,113,1,-1,-1,-1
190,-1,232,551,39,84,1,-1,-1,-1
191,-1,1356,535,47,127,1,-1,-1,-1
191,-1,892,501,26,60,1,-1,-1,-1
191,-1,961,506,30,60,1,-1,-1,-1
191,-1,1599,546,42,111,1,-1,-1,-1
192,-1,1357,535,45,124,1,-1,-1,-1
192,-1,884,506,25,55,1,-1,-1,-1
192,-1,1599,542,44,113,1,-1,-1,-1
192,-1,170,557,35,74,1,-1,-1,-1
192,-1,973,507,30,58,1,-1,-1,-1
192,-1,1624,542,60,127,1,-1,-1,-1
193,-1,1352,533,45,125,1,-1,-1,-1
193,-1,885,502,26,57,1,-1,-1,-1
194,-1,1350,533,45,123,1,-1,-1,-1
194,-1,168,567,33,70,1,-1,-1,-1
195,-1,1349,534,41,120,1,-1,-1,-1
195,-1,465,493,30,65,1,-1,-1,-1
196,-1,172,553,37,84,1,-1,-1,-1
196,-1,1347,533,42,121,1,-1,-1,-1
196,-1,881,506,25,54,1,-1,-1,-1
196,-1,211,551,42,93,1,-1,-1,-1
196,-1,1601,546,44,115,1,-1,-1,-1
196,-1,1622,547,61,122,1,-1,-1,-1
196,-1,773,507,29,54,1,-1,-1,-1
197,-1,881,503,27,61,1,-1,-1,-1
197,-1,164,552,34,88,1,-1,-1,-1
197,-1,1344,533,44,128,1,-1,-1,-1
197,-1,1624,545,60,122,1,-1,-1,-1
197,-1,1607,543,41,115,1,-1,-1,-1
197,-1,973,506,28,61,1,-1,-1,-1
197,-1,769,506,31,56,1,-1,-1,-1
198,-1,888,503,26,62,1,-1,-1,-1
198,-1,1629,546,59,127,1,-1,-1,-1
198,-1,152,552,40,90,1,-1,-1,-1
198,-1,965,507,29,65,1,-1,-1,-1
198,-1,1342,534,44,126,1,-1,-1,-1
198,-1,206,556,44,92,1,-1,-1,-1
198,-1,1608,540,39,116,1,-1,-1,-1
199,-1,880,502,29,64,1,-1,-1,-1
199,-1,165,565,38,78,1,-1,-1,-1
199,-1,969,503,28,69,1,-1,-1,-1
199,-1,1635,546,53,122,1,-1,-1,-1
199,-1,775,504,36,56,1,-1,-1,-1
200,-1,1635,550,49,114,1,-1,-1,-1
200,-1,882,501,28,64,1,-1,-1,-1
200,-1,966,504,29,71,1,-1,-1,-1
200,-1,159,560,33,81,1,-1,-1,-1
200,-1,1343,533,42,122,1,-1,-1,-1
200,-1,1618,546,36,103,1,-1,-1,-1
201,-1,873,502,29,61,1,-1,-1,-1
201,-1,157,557,36,85,1,-1,-1,-1
201,-1,1338,533,46,126,1,-1,-1,-1
201,-1,961,504,30,63,1,-1,-1,-1
201,-1,207,559,44,89,1,-1,-1,-1
201,-1,463,498,30,60,1,-1,-1,-1
201,-1,1639,557,46,103,1,-1,-1,-1
202,-1,777,497,29,69,1,-1,-1,-1
202,-1,881,505,24,58,1,-1,-1,-1
202,-1,957,509,31,70,1,-1,-1,-1
202,-1,157,560,33,86,1,-1,-1,-1
202,-1,1639,552,47,111,1,-1,-1,-1
202,-1,1334,533,49,133,1,-1,-1,-1
203,-1,1329,533,54,140,1,-1,-1,-1
203,-1,774,502,33,66,1,-1,-1,-1
203,-1,882,503,28,60,1,-1,-1,-1
203,-1,148,549,37,94,1,-1,-1,-1
203,-1,455,493,38,70,1,-1,-1,-1
203,-1,1639,550,46,112,1,-1,-1,-1
203,-1,957,506,29,64,1,-1,-1,-1
204,-1,1330,534,51,141,1,-1,-1,-1
204,-1,882,505,26,59,1,-1,-1,-1
204,-1,152,556,35,92,1,-1,-1,-1
204,-1,1639,553,44,110,1,-1,-1,-1
204,-1,770,507,32,57,1,-1,-1,-1
204,-1,959,510,26,61,1,-1,-1,-1
205,-1,1331,533,51,141,1,-1,-1,-1
205,-1,883,507,27,59,1,-1,-1,-1
205,-1,774,502,28,59,1,-1,-1,-1
205,-1,962,511,28,66,1,-1,-1,-1
205,-1,1639,548,47,119,1,-1,-1,-1
205,-1,155,555,35,95,1,-1,-1,-1
206,-1,1334,538,49,134,1,-1,-1,-1
206,-1,764,500,28,60,1,-1,-1,-1
206,-1,874,508,26,55,1,-1,-1,-1
206,-1,1637,557,50,110,1,-1,-1,-1
206,-1,571,513,29,43,1,-1,-1,-1
207,-1,1642,550,47,120,1,-1,-1,-1
207,-1,1334,542,46,128,1,-1,-1,-1
207,-1,870,502,27,65,1,-1,-1,-1
207,-1,764,498,29,66,1,-1,-1,-1
207,-1,131,557,37,96,1,-1,-1,-1
207,-1,456,496,36,64,1,-1,-1,-1
207,-1,575,512,26,41,1,-1,-1,-1
208,-1,1643,551,46,118,1,-1,-1,-1
208,-1,124,532,41,124,1,-1,-1,-1
208,-1,762,499,30,63,1,-1,-1,-1
208,-1,880,506,29,60,1,-1,-1,-1
208,-1,464,498,31,62,1,-1,-1,-1
208,-1,41,549,45,109,1,-1,-1,-1
209,-1,1648,548,45,116,1,-1,-1,-1
209,-1,1335,542,47,130,1,-1,-1,-1
209,-1,130,557,35,99,1,-1,-1,-1
209,-1,772,501,29,62,1,-1,-1,-1
209,-1,877,513,27,59,1,-1,-1,-1
210,-1,1333,540,49,133,1,-1,-1,-1
210,-1,1647,550,51,120,1,-1,-1,-1
210,-1,766,501,29,65,1,-1,-1,-1
210,-1,871,510,27,67,1,-1,-1,-1
210,-1,125,548,38,111,1,-1,-1,-1
211,-1,1337,540,48,132,1,-1,-1,-1
211,-1,1655,552,44,119,1,-1,-1,-1
211,-1,757,505,28,59,1,-1,-1,-1
211,-1,875,513,31,68,1,-1,-1,-1
211,-1,118,541,40,121,1,-1,-1,-1
211,-1,462,504,33,58,1,-1,-1,-1
211,-1,46,559,37,96,1,-1,-1,-1
212,-1,1661,550,44,126,1,-1,-1,-1
212,-1,1336,543,44,124,1,-1,-1,-1
212,-1,763,506,26,58,1,-1,-1,-1
212,-1,118,521,50,141,1,-1,-1,-1
212,-1,877,511,29,66,1,-1,-1,-1
212,-1,354,500,37,76,1,-1,-1,-1
212,-1,462,501,34,61,1,-1,-1,-1
213,-1,1657,549,52,121,1,-1,-1,-1
213,-1,772,498,25,70,1,-1,-1,-1
213,-1,1338,545,45,121,1,-1,-1,-1
213,-1,116,525,52,146,1,-1,-1,-1
213,-1,878,510,31,69,1,-1,-1,-1
213,-1,574,518,29,37,1,-1,-1,-1
213,-1,25,560,44,99,1,-1,-1,-1
213,-1,461,503,31,58,1,-1,-1,-1
214,-1,1662,549,51,125,1,-1,-1,-1
214,-1,1337,542,46,121,1,-1,-1,-1
214,-1,770,497,28,72,1,-1,-1,-1
214,-1,122,553,38,107,1,-1,-1,-1
214,-1,879,511,31,66,1,-1,-1,-1
215,-1,1338,543,46,123,1,-1,-1,-1
215,-1,766,495,28,70,1,-1,-1,-1
215,-1,1666,555,53,122,1,-1,-1,-1
215,-1,114,555,38,105,1,-1,-1,-1
215,-1,30,569,34,87,1,-1,-1,-1
216,-1,765,499,29,69,1,-1,-1,-1
216,-1,1671,555,48,115,1,-1,-1,-1
216,-1,1344,542,42,119,1,-1,-1,-1
216,-1,123,555,42,109,1,-1,-1,-1
216,-1,879,509,30,68,1,-1,-1,-1
217,-1,1683,558,43,116,1,-1,-1,-1
217,-1,1342,541,46,123,1,-1,-1,-1
217,-1,767,499,30,66,1,-1,-1,-1
217,-1,120,549,42,114,1,-1,-1,-1
217,-1,878,508,31,66,1,-1,-1,-1
218,-1,1340,540,50,131,1,-1,-1,-1
218,-1,1678,551,53,122,1,-1,-1,-1
218,-1,764,498,30,66,1,-1,-1,-1
218,-1,109,542,40,121,1,-1,-1,-1
218,-1,880,509,31,67,1,-1,-1,-1
219,-1,1347,540,45,125,1,-1,-1,-1
219,-1,1681,548,51,125,1,-1,-1,-1
219,-1,763,499,27,65,1,-1,-1,-1
219,-1,107,539,43,130,1,-1,-1,-1
219,-1,1185,565,35,83,1,-1,-1,-1
220,-1,1349,538,45,132,1,-1,-1,-1
220,-1,104,524,50,148,1,-1,-1,-1
220,-1,1687,556,48,118,1,-1,-1,-1
220,-1,765,507,26,62,1,-1,-1,-1
220,-1,35,513,57,148,1,-1,-1,-1
221,-1,1344,544,53,133,1,-1,-1,-1
221,-1,764,505,28,62,1,-1,-1,-1
221,-1,1694,558,41,109,1,-1,-1,-1
221,-1,101,528,47,144,1,-1,-1,-1
221,-1,30,519,52,142,1,-1,-1,-1
222,-1,1352,541,47,125,1,-1,-1,-1
222,-1,764,505,31,60,1,-1,-1,-1
222,-1,453,499,35,64,1,-1,-1,-1
222,-1,104,536,46,138,1,-1,-1,-1
222,-1,566,508,27,45,1,-1,-1,-1
223,-1,1354,544,50,125,1,-1,-1,-1
223,-1,766,509,27,59,1,-1,-1,-1
223,-1,107,539,48,130,1,-1,-1,-1
223,-1,1725,544,52,135,1,-1,-1,-1
223,-1,37,520,55,143,1,-1,-1,-1
223,-1,569,508,26,45,1,-1,-1,-1
224,-1,1354,539,54,133,1,-1,-1,-1
224,-1,768,512,24,55,1,-1,-1,-1
224,-1,1732,541,49,140,1,-1,-1,-1
224,-1,108,562,40,105,1,-1,-1,-1
224,-1,1187,556,35,92,1,-1,-1,-1
225,-1,1355,542,53,132,1,-1,-1,-1
225,-1,1737,542,51,139,1,-1,-1,-1
225,-1,770,507,25,59,1,-1,-1,-1
225,-1,104,553,43,117,1,-1,-1,-1
225,-1,34,519,52,142,1,-1,-1,-1
226,-1,1355,544,52,130,1,-1,-1,-1
226,-1,1738,542,51,135,1,-1,-1,-1
226,-1,767,513,29,54,1,-1,-1,-1
226,-1,40,530,45,138,1,-1,-1,-1
227,-1,1353,545,51,129,1,-1,-1,-1
227,-1,1746,547,52,137,1,-1,-1,-1
227,-1,766,510,31,57,1,-1,-1,-1
228,-1,1755,549,51,130,1,-1,-1,-1
228,-1,1355,543,51,130,1,-1,-1,-1
228,-1,767,506,31,59,1,-1,-1,-1
229,-1,1764,552,52,124,1,-1,-1,-1
229,-1,1358,543,52,140,1,-1,-1,-1
229,-1,763,504,34,62,1,-1,-1,-1
230,-1,1771,553,52,123,1,-1,-1,-1
230,-1,1363,541,56,143,1,-1,-1,-1
230,-1,766,505,33,62,1,-1,-1,-1
230,-1,40,530,41,133,1,-1,-1,-1
231,-1,1364,548,54,140,1,-1,-1,-1
231,-1,1776,550,54,129,1,-1,-1,-1
231,-1,768,503,34,66,1,-1,-1,-1
231,-1,33,523,52,145,1,-1,-1,-1
232,-1,1779,552,55,125,1,-1,-1,-1
232,-1,1359,545,56,142,1,-1,-1,-1
232,-1,772,502,33,69,1,-1,-1,-1
232,-1,1099,552,28,70,1,-1,-1,-1
232,-1,1181,555,31,81,1,-1,-1,-1
233,-1,1360,545,56,140,1,-1,-1,-1
233,-1,1795,554,51,120,1,-1,-1,-1
233,-1,769,500,34,69,1,-1,-1,-1
233,-1,1181,555,33,88,1,-1,-1,-1
233,-1,1229,560,42,92,1,-1,-1,-1
233,-1,34,521,52,147,1,-1,-1,-1
234,-1,1359,539,56,149,1,-1,-1,-1
234,-1,1827,557,50,114,1,-1,-1,-1
234,-1,1801,560,48,111,1,-1,-1,-1
234,-1,773,509,33,62,1,-1,-1,-1
235,-1,1358,547,58,139,1,-1,-1,-1
235,-1,1825,550,54,127,1,-1,-1,-1
235,-1,35,519,55,151,1,-1,-1,-1
235,-1,1812,560,42,110,1,-1,-1,-1
236,-1,1832,547,53,128,1,-1,-1,-1
236,-1,1361,549,55,135,1,-1,-1,-1
236,-1,770,514,35,55,1,-1,-1,-1
236,-1,1243,561,45,109,1,-1,-1,-1
236,-1,32,515,54,153,1,-1,-1,-1
237,-1,1839,549,48,123,1,-1,-1,-1
237,-1,1364,551,54,134,1,-1,-1,-1
237,-1,1249,559,43,108,1,-1,-1,-1
237,-1,36,515,53,149,1,-1,-1,-1
238,-1,1843,547,52,124,1,-1,-1,-1
238,-1,1370,548,49,137,1,-1,-1,-1
238,-1,1180,552,28,78,1,-1,-1,-1
238,-1,1245,563,43,95,1,-1,-1,-1
239,-1,1863,548,46,124,1,-1,-1,-1
239,-1,1373,543,51,134,1,-1,-1,-1
239,-1,39,519,53,145,1,-1,-1,-1
240,-1,1379,539,51,137,1,-1,-1,-1
240,-1,1872,538,42,136,1,-1,-1,-1
241,-1,1387,547,45,122,1,-1,-1,-1
241,-1,1259,558,44,94,1,-1,-1,-1
241,-1,775,505,34,60,1,-1,-1,-1
242,-1,1392,549,43,117,1,-1,-1,-1
242,-1,1268,559,37,97,1,-1,-1,-1
242,-1,1172,558,29,75,1,-1,-1,-1
242,-1,1874,545,44,133,1,-1,-1,-1
242,-1,767,509,34,55,1,-1,-1,-1
243,-1,1451,543,40,119,1,-1,-1,-1
243,-1,1397,548,41,110,1,-1,-1,-1
243,-1,835,497,40,76,1,-1,-1,-1
244,-1,1447,545,44,126,1,-1,-1,-1
244,-1,1281,567,37,83,1,-1,-1,-1
245,-1,1441,546,45,129,1,-1,-1,-1
245,-1,1282,581,42,110,1,-1,-1,-1
245,-1,1284,573,35,81,1,-1,-1,-1
246,-1,1430,548,50,133,1,-1,-1,-1
247,-1,1432,550,50,134,1,-1,-1,-1
248,-1,1436,550,48,129,1,-1,-1,-1
248,-1,1322,576,50,128,1,-1,-1,-1
249,-1,1438,548,53,133,1,-1,-1,-1
250,-1,1445,546,49,134,1,-1,-1,-1
251,-1,1452,548,45,127,1,-1,-1,-1
251,-1,1374,565,38,107,1,-1,-1,-1
251,-1,469,495,32,67,1,-1,-1,-1
252,-1,1467,539,45,134,1,-1,-1,-1
252,-1,33,516,57,156,1,-1,-1,-1
253,-1,1463,538,56,148,1,-1,-1,-1
254,-1,1472,541,51,144,1,-1,-1,-1
254,-1,1338,575,58,131,1,-1,-1,-1
255,-1,1465,543,56,142,1,-1,-1,-1
255,-1,1352,576,55,125,1,-1,-1,-1
256,-1,1476,549,50,140,1,-1,-1,-1
256,-1,1358,575,54,124,1,-1,-1,-1
257,-1,27,505,78,189,1,-1,-1,-1
257,-1,1487,545,40,136,1,-1,-1,-1
258,-1,27,506,69,187,1,-1,-1,-1
259,-1,122,582,54,126,1,-1,-1,-1
260,-1,123,588,54,121,1,-1,-1,-1
260,-1,1531,530,58,152,1,-1,-1,-1
261,-1,129,595,54,115,1,-1,-1,-1
261,-1,971,516,31,69,1,-1,-1,-1
262,-1,129,590,55,121,1,-1,-1,-1
263,-1,123,584,55,124,1,-1,-1,-1
263,-1,962,504,41,87,1,-1,-1,-1
264,-1,125,592,55,119,1,-1,-1,-1
264,-1,966,505,35,81,1,-1,-1,-1
264,-1,866,501,36,66,1,-1,-1,-1
265,-1,130,588,55,121,1,-1,-1,-1
266,-1,134,598,54,112,1,-1,-1,-1
266,-1,973,510,35,65,1,-1,-1,-1
267,-1,135,594,57,116,1,-1,-1,-1
267,-1,6,611,48,99,1,-1,-1,-1
268,-1,134,591,53,118,1,-1,-1,-1
268,-1,11,611,46,98,1,-1,-1,-1
269,-1,138,593,57,116,1,-1,-1,-1
269,-1,12,607,45,100,1,-1,-1,-1
270,-1,137,587,55,120,1,-1,-1,-1
271,-1,137,581,61,128,1,-1,-1,-1
271,-1,13,594,49,109,1,-1,-1,-1
272,-1,140,584,56,122,1,-1,-1,-1
272,-1,14,594,49,105,1,-1,-1,-1
273,-1,147,578,59,127,1,-1,-1,-1
273,-1,1064,513,37,86,1,-1,-1,-1
274,-1,150,577,56,123,1,-1,-1,-1
274,-1,1069,511,34,84,1,-1,-1,-1
274,-1,35,506,65,189,1,-1,-1,-1
275,-1,1078,514,30,80,1,-1,-1,-1
275,-1,151,587,52,117,1,-1,-1,-1
276,-1,1072,509,33,87,1,-1,-1,-1
276,-1,152,582,58,125,1,-1,-1,-1
276,-1,979,505,33,64,1,-1,-1,-1
277,-1,1080,511,30,76,1,-1,-1,-1
277,-1,161,586,51,118,1,-1,-1,-1
278,-1,157,586,54,119,1,-1,-1,-1
278,-1,22,586,58,115,1,-1,-1,-1
279,-1,22,593,55,111,1,-1,-1,-1
279,-1,153,586,55,121,1,-1,-1,-1
279,-1,1168,531,45,110,1,-1,-1,-1
279,-1,1075,510,31,68,1,-1,-1,-1
280,-1,156,586,56,123,1,-1,-1,-1
280,-1,19,592,51,112,1,-1,-1,-1
280,-1,1071,510,33,58,1,-1,-1,-1
280,-1,1724,585,79,201,1,-1,-1,-1
281,-1,23,595,50,111,1,-1,-1,-1
281,-1,158,591,49,122,1,-1,-1,-1
281,-1,201,592,54,118,1,-1,-1,-1
281,-1,1078,510,34,59,1,-1,-1,-1
281,-1,1155,516,36,64,1,-1,-1,-1
281,-1,1183,537,38,93,1,-1,-1,-1
282,-1,23,593,53,115,1,-1,-1,-1
282,-1,1155,518,33,60,1,-1,-1,-1
282,-1,1177,539,40,86,1,-1,-1,-1
282,-1,159,589,42,121,1,-1,-1,-1
283,-1,1181,538,37,88,1,-1,-1,-1
283,-1,21,603,52,110,1,-1,-1,-1
283,-1,1159,520,32,61,1,-1,-1,-1
283,-1,207,594,54,118,1,-1,-1,-1
283,-1,1095,518,28,46,1,-1,-1,-1
284,-1,29,598,55,115,1,-1,-1,-1
284,-1,1151,518,40,70,1,-1,-1,-1
284,-1,208,599,50,115,1,-1,-1,-1
284,-1,1249,534,56,122,1,-1,-1,-1
284,-1,1811,623,84,217,1,-1,-1,-1
285,-1,1157,517,38,68,1,-1,-1,-1
285,-1,32,602,55,113,1,-1,-1,-1
285,-1,1773,588,59,137,1,-1,-1,-1
285,-1,1251,534,60,122,1,-1,-1,-1
285,-1,210,599,53,117,1,-1,-1,-1
285,-1,959,508,34,53,1,-1,-1,-1
286,-1,210,598,54,117,1,-1,-1,-1
286,-1,1780,584,57,143,1,-1,-1,-1
286,-1,1157,518,38,70,1,-1,-1,-1
286,-1,32,603,56,114,1,-1,-1,-1
286,-1,1255,539,60,115,1,-1,-1,-1
286,-1,1864,611,47,104,1,-1,-1,-1
287,-1,213,603,51,113,1,-1,-1,-1
287,-1,1262,545,52,112,1,-1,-1,-1
287,-1,32,601,53,117,1,-1,-1,-1
287,-1,1159,519,37,67,1,-1,-1,-1
287,-1,1851,624,66,192,1,-1,-1,-1
287,-1,1784,599,53,130,1,-1,-1,-1
288,-1,209,598,55,121,1,-1,-1,-1
288,-1,1262,533,51,126,1,-1,-1,-1
288,-1,32,609,59,114,1,-1,-1,-1
288,-1,1159,510,44,78,1,-1,-1,-1
288,-1,1819,560,75,184,1,-1,-1,-1
289,-1,209,601,56,118,1,-1,-1,-1
289,-1,1819,564,80,175,1,-1,-1,-1
289,-1,1266,539,55,121,1,-1,-1,-1
289,-1,1164,510,38,72,1,-1,-1,-1
289,-1,34,609,63,118,1,-1,-1,-1
289,-1,1308,541,63,118,1,-1,-1,-1
289,-1,1065,504,33,61,1,-1,-1,-1
290,-1,217,603,51,114,1,-1,-1,-1
290,-1,1261,534,56,127,1,-1,-1,-1
290,-1,1160,509,44,72,1,-1,-1,-1
290,-1,1312,534,63,122,1,-1,-1,-1
290,-1,37,607,58,120,1,-1,-1,-1
290,-1,1836,534,69,202,1,-1,-1,-1
291,-1,215,606,54,114,1,-1,-1,-1
291,-1,1169,509,42,74,1,-1,-1,-1
291,-1,1317,536,64,119,1,-1,-1,-1
291,-1,1264,537,54,122,1,-1,-1,-1
291,-1,38,614,56,115,1,-1,-1,-1
292,-1,1320,535,63,119,1,-1,-1,-1
292,-1,1266,530,56,130,1,-1,-1,-1
292,-1,219,608,56,119,1,-1,-1,-1
292,-1,40,617,57,112,1,-1,-1,-1
292,-1,1172,505,44,71,1,-1,-1,-1
292,-1,1862,527,57,204,1,-1,-1,-1
293,-1,1271,532,51,123,1,-1,-1,-1
293,-1,1324,551,61,110,1,-1,-1,-1
293,-1,221,606,54,119,1,-1,-1,-1
293,-1,1169,505,43,70,1,-1,-1,-1
293,-1,1263,515,36,71,1,-1,-1,-1
293,-1,43,615,58,117,1,-1,-1,-1
294,-1,1341,537,53,119,1,-1,-1,-1
294,-1,217,606,59,121,1,-1,-1,-1
294,-1,1269,535,54,116,1,-1,-1,-1
294,-1,1163,504,44,63,1,-1,-1,-1
294,-1,45,614,58,119,1,-1,-1,-1
295,-1,221,609,58,123,1,-1,-1,-1
295,-1,1334,540,58,120,1,-1,-1,-1
295,-1,1168,511,41,56,1,-1,-1,-1
295,-1,1264,518,34,63,1,-1,-1,-1
295,-1,1271,540,50,102,1,-1,-1,-1
296,-1,222,611,53,119,1,-1,-1,-1
296,-1,1345,557,55,108,1,-1,-1,-1
296,-1,1172,513,43,61,1,-1,-1,-1
296,-1,1273,542,49,94,1,-1,-1,-1
297,-1,222,612,53,123,1,-1,-1,-1
297,-1,1350,548,49,110,1,-1,-1,-1
297,-1,1276,540,40,89,1,-1,-1,-1
297,-1,1181,515,38,59,1,-1,-1,-1
297,-1,1261,516,33,72,1,-1,-1,-1
298,-1,222,610,56,122,1,-1,-1,-1
298,-1,1353,550,53,113,1,-1,-1,-1
298,-1,1175,504,45,68,1,-1,-1,-1
298,-1,1247,515,40,68,1,-1,-1,-1
298,-1,1276,551,43,73,1,-1,-1,-1
299,-1,226,611,54,123,1,-1,-1,-1
299,-1,1357,551,60,112,1,-1,-1,-1
299,-1,1178,513,36,50,1,-1,-1,-1
300,-1,1348,542,59,114,1,-1,-1,-1
300,-1,227,616,54,118,1,-1,-1,-1
301,-1,1362,546,53,96,1,-1,-1,-1
301,-1,228,615,55,121,1,-1,-1,-1
301,-1,44,631,55,115,1,-1,-1,-1
301,-1,1165,508,35,54,1,-1,-1,-1
302,-1,229,611,54,128,1,-1,-1,-1
302,-1,1361,542,48,90,1,-1,-1,-1
302,-1,1261,515,43,63,1,-1,-1,-1
303,-1,1357,541,48,91,1,-1,-1,-1
303,-1,234,624,56,127,1,-1,-1,-1
303,-1,45,631,51,119,1,-1,-1,-1
303,-1,1164,506,39,54,1,-1,-1,-1
304,-1,1360,541,45,95,1,-1,-1,-1
304,-1,237,623,59,130,1,-1,-1,-1
304,-1,1180,499,36,64,1,-1,-1,-1
304,-1,1262,513,32,56,1,-1,-1,-1
304,-1,48,634,54,113,1,-1,-1,-1
305,-1,1372,546,39,90,1,-1,-1,-1
305,-1,231,618,70,145,1,-1,-1,-1
305,-1,46,634,57,121,1,-1,-1,-1
305,-1,1442,551,37,74,1,-1,-1,-1
306,-1,232,619,68,143,1,-1,-1,-1
306,-1,1363,545,43,93,1,-1,-1,-1
306,-1,46,631,64,126,1,-1,-1,-1
306,-1,1262,518,34,50,1,-1,-1,-1
306,-1,1439,554,40,74,1,-1,-1,-1
306,-1,1178,514,31,45,1,-1,-1,-1
307,-1,1381,549,39,92,1,-1,-1,-1
307,-1,232,618,66,145,1,-1,-1,-1
307,-1,41,629,69,131,1,-1,-1,-1
307,-1,1443,555,39,74,1,-1,-1,-1
307,-1,1164,512,34,54,1,-1,-1,-1
307,-1,1258,516,39,56,1,-1,-1,-1
308,-1,229,625,70,139,1,-1,-1,-1
308,-1,40,631,68,132,1,-1,-1,-1
308,-1,1373,553,38,82,1,-1,-1,-1
308,-1,1449,557,39,73,1,-1,-1,-1
309,-1,229,623,71,143,1,-1,-1,-1
309,-1,1382,562,35,76,1,-1,-1,-1
309,-1,38,627,66,137,1,-1,-1,-1
309,-1,1463,564,37,69,1,-1,-1,-1
309,-1,1156,511,33,59,1,-1,-1,-1
310,-1,231,627,68,139,1,-1,-1,-1
310,-1,42,637,63,127,1,-1,-1,-1
310,-1,1375,567,37,74,1,-1,-1,-1
310,-1,1461,567,36,66,1,-1,-1,-1
310,-1,1168,506,36,62,1,-1,-1,-1
311,-1,231,629,67,139,1,-1,-1,-1
311,-1,43,641,60,125,1,-1,-1,-1
311,-1,1462,565,35,73,1,-1,-1,-1
311,-1,1383,562,39,77,1,-1,-1,-1
311,-1,1261,515,35,53,1,-1,-1,-1
311,-1,1167,511,35,58,1,-1,-1,-1
312,-1,40,638,62,127,1,-1,-1,-1
312,-1,232,626,71,142,1,-1,-1,-1
312,-1,1158,507,36,61,1,-1,-1,-1
312,-1,1263,515,34,49,1,-1,-1,-1
312,-1,1379,562,39,76,1,-1,-1,-1
312,-1,1461,577,34,59,1,-1,-1,-1
313,-1,38,641,69,132,1,-1,-1,-1
313,-1,233,629,67,141,1,-1,-1,-1
313,-1,1467,571,37,69,1,-1,-1,-1
313,-1,1160,504,37,67,1,-1,-1,-1
313,-1,1380,565,41,82,1,-1,-1,-1
314,-1,35,643,69,131,1,-1,-1,-1
314,-1,235,633,63,135,1,-1,-1,-1
314,-1,1460,570,45,74,1,-1,-1,-1
314,-1,1274,519,30,43,1,-1,-1,-1
314,-1,1173,514,33,55,1,-1,-1,-1
315,-1,235,632,64,135,1,-1,-1,-1
315,-1,35,641,63,130,1,-1,-1,-1
315,-1,1468,566,38,78,1,-1,-1,-1
315,-1,1371,546,47,119,1,-1,-1,-1
316,-1,39,641,66,133,1,-1,-1,-1
316,-1,237,636,61,131,1,-1,-1,-1
316,-1,1467,560,45,90,1,-1,-1,-1
317,-1,36,642,71,134,1,-1,-1,-1
317,-1,234,637,65,135,1,-1,-1,-1
317,-1,1168,508,33,59,1,-1,-1,-1
317,-1,1461,557,46,95,1,-1,-1,-1
317,-1,1266,515,35,56,1,-1,-1,-1
318,-1,33,642,74,140,1,-1,-1,-1
318,-1,232,637,65,138,1,-1,-1,-1
318,-1,1258,506,39,66,1,-1,-1,-1
318,-1,1463,554,53,102,1,-1,-1,-1
318,-1,1174,501,37,68,1,-1,-1,-1
318,-1,1456,574,59,150,1,-1,-1,-1
319,-1,231,638,66,140,1,-1,-1,-1
319,-1,30,643,68,139,1,-1,-1,-1
319,-1,1456,589,51,138,1,-1,-1,-1
319,-1,1459,549,45,111,1,-1,-1,-1
319,-1,1180,513,32,57,1,-1,-1,-1
319,-1,1268,523,30,51,1,-1,-1,-1
320,-1,229,639,69,140,1,-1,-1,-1
320,-1,30,643,70,141,1,-1,-1,-1
320,-1,1450,573,54,153,1,-1,-1,-1
320,-1,1457,550,48,116,1,-1,-1,-1
321,-1,230,636,71,143,1,-1,-1,-1
321,-1,30,645,74,143,1,-1,-1,-1
321,-1,1436,588,64,149,1,-1,-1,-1
321,-1,1517,598,61,122,1,-1,-1,-1
322,-1,230,634,69,144,1,-1,-1,-1
322,-1,25,645,67,139,1,-1,-1,-1
322,-1,1522,584,59,131,1,-1,-1,-1
322,-1,1444,544,56,145,1,-1,-1,-1
322,-1,1428,577,72,156,1,-1,-1,-1
322,-1,1262,516,40,62,1,-1,-1,-1
322,-1,1339,542,68,129,1,-1,-1,-1
322,-1,1176,507,35,59,1,-1,-1,-1
323,-1,229,636,68,143,1,-1,-1,-1
323,-1,22,648,60,136,1,-1,-1,-1
323,-1,1523,586,62,129,1,-1,-1,-1
323,-1,1447,545,51,130,1,-1,-1,-1
323,-1,1178,505,36,66,1,-1,-1,-1
323,-1,1277,512,33,62,1,-1,-1,-1
323,-1,1426,588,72,144,1,-1,-1,-1
324,-1,225,631,74,151,1,-1,-1,-1
324,-1,23,642,59,140,1,-1,-1,-1
324,-1,1522,582,63,137,1,-1,-1,-1
324,-1,1418,579,78,160,1,-1,-1,-1
324,-1,1271,514,31,60,1,-1,-1,-1
324,-1,1448,555,49,103,1,-1,-1,-1
325,-1,226,633,73,145,1,-1,-1,-1
325,-1,15,644,57,145,1,-1,-1,-1
325,-1,1522,589,64,133,1,-1,-1,-1
325,-1,1426,587,72,151,1,-1,-1,-1
325,-1,1455,551,43,95,1,-1,-1,-1
326,-1,220,633,71,146,1,-1,-1,-1
326,-1,15,644,54,141,1,-1,-1,-1
326,-1,1447,538,51,129,1,-1,-1,-1
326,-1,1277,513,32,62,1,-1,-1,-1
326,-1,1359,543,55,114,1,-1,-1,-1
327,-1,221,633,68,147,1,-1,-1,-1
327,-1,11,643,56,142,1,-1,-1,-1
327,-1,1450,539,54,144,1,-1,-1,-1
327,-1,1356,544,56,119,1,-1,-1,-1
327,-1,1532,574,73,159,1,-1,-1,-1
328,-1,220,639,66,147,1,-1,-1,-1
328,-1,12,649,51,142,1,-1,-1,-1
328,-1,1545,597,59,131,1,-1,-1,-1
328,-1,1423,593,68,146,1,-1,-1,-1
328,-1,1267,514,32,53,1,-1,-1,-1
329,-1,214,629,65,151,1,-1,-1,-1
329,-1,13,641,53,143,1,-1,-1,-1
329,-1,1541,576,68,165,1,-1,-1,-1
329,-1,1449,538,52,119,1,-1,-1,-1
330,-1,209,632,65,145,1,-1,-1,-1
330,-1,11,640,52,144,1,-1,-1,-1
330,-1,1446,532,59,139,1,-1,-1,-1
330,-1,1347,541,62,132,1,-1,-1,-1
330,-1,1363,515,34,54,1,-1,-1,-1
331,-1,216,632,56,144,1,-1,-1,-1
331,-1,9,648,51,143,1,-1,-1,-1
331,-1,1454,534,57,135,1,-1,-1,-1
331,-1,1348,537,63,136,1,-1,-1,-1
331,-1,1362,516,36,58,1,-1,-1,-1
331,-1,1277,518,29,57,1,-1,-1,-1
332,-1,205,632,67,145,1,-1,-1,-1
332,-1,6,647,49,146,1,-1,-1,-1
332,-1,1358,511,40,61,1,-1,-1,-1
332,-1,1272,510,31,56,1,-1,-1,-1
332,-1,1343,537,66,140,1,-1,-1,-1
332,-1,1566,535,60,157,1,-1,-1,-1
332,-1,1449,535,65,139,1,-1,-1,-1
333,-1,205,633,62,143,1,-1,-1,-1
333,-1,4,646,48,145,1,-1,-1,-1
333,-1,1354,538,63,129,1,-1,-1,-1
333,-1,1362,513,38,61,1,-1,-1,-1
333,-1,1270,514,33,57,1,-1,-1,-1
333,-1,1449,538,59,108,1,-1,-1,-1
334,-1,202,627,67,145,1,-1,-1,-1
334,-1,7,634,49,156,1,-1,-1,-1
334,-1,1354,556,56,108,1,-1,-1,-1
334,-1,1569,545,49,110,1,-1,-1,-1
334,-1,1368,511,35,56,1,-1,-1,-1
335,-1,200,626,68,149,1,-1,-1,-1
335,-1,1359,506,38,61,1,-1,-1,-1
335,-1,1349,541,67,130,1,-1,-1,-1
335,-1,1561,532,58,146,1,-1,-1,-1
335,-1,1470,513,45,62,1,-1,-1,-1
335,-1,11,633,52,150,1,-1,-1,-1
336,-1,1565,534,57,149,1,-1,-1,-1
336,-1,1354,552,73,115,1,-1,-1,-1
336,-1,207,631,60,136,1,-1,-1,-1
336,-1,1364,508,35,56,1,-1,-1,-1
337,-1,1556,527,67,176,1,-1,-1,-1
337,-1,1361,503,36,59,1,-1,-1,-1
337,-1,1352,551,71,116,1,-1,-1,-1
338,-1,1359,561,60,102,1,-1,-1,-1
338,-1,1570,550,55,123,1,-1,-1,-1
338,-1,196,630,61,146,1,-1,-1,-1
339,-1,1367,560,60,102,1,-1,-1,-1
340,-1,163,630,62,174,1,-1,-1,-1
340,-1,197,631,65,155,1,-1,-1,-1
340,-1,1359,554,63,108,1,-1,-1,-1
340,-1,1361,508,40,59,1,-1,-1,-1
341,-1,164,635,58,171,1,-1,-1,-1
341,-1,1363,504,41,67,1,-1,-1,-1
341,-1,1362,549,60,119,1,-1,-1,-1
341,-1,1578,548,47,99,1,-1,-1,-1
342,-1,161,637,58,169,1,-1,-1,-1
342,-1,1356,529,71,156,1,-1,-1,-1
342,-1,1363,510,42,67,1,-1,-1,-1
343,-1,149,642,64,168,1,-1,-1,-1
343,-1,1357,535,59,134,1,-1,-1,-1
343,-1,1364,512,42,68,1,-1,-1,-1
344,-1,137,644,69,173,1,-1,-1,-1
344,-1,1368,515,38,62,1,-1,-1,-1
344,-1,1355,527,64,147,1,-1,-1,-1
344,-1,1469,516,46,71,1,-1,-1,-1
345,-1,143,654,60,159,1,-1,-1,-1
345,-1,1364,513,40,65,1,-1,-1,-1
345,-1,1357,525,61,167,1,-1,-1,-1
346,-1,138,670,62,154,1,-1,-1,-1
346,-1,1365,515,38,61,1,-1,-1,-1
346,-1,1363,571,71,173,1,-1,-1,-1
346,-1,1356,543,60,145,1,-1,-1,-1
347,-1,134,673,63,157,1,-1,-1,-1
347,-1,1361,581,74,178,1,-1,-1,-1
347,-1,1365,518,38,62,1,-1,-1,-1
348,-1,124,668,70,169,1,-1,-1,-1
348,-1,1361,576,72,186,1,-1,-1,-1
349,-1,120,670,70,167,1,-1,-1,-1
349,-1,1363,583,71,183,1,-1,-1,-1
349,-1,1439,637,70,158,1,-1,-1,-1
349,-1,1361,520,36,57,1,-1,-1,-1
350,-1,111,673,67,165,1,-1,-1,-1
350,-1,1362,584,72,183,1,-1,-1,-1
351,-1,105,676,70,163,1,-1,-1,-1
351,-1,1616,571,64,219,1,-1,-1,-1
352,-1,103,673,69,169,1,-1,-1,-1
353,-1,100,672,73,180,1,-1,-1,-1
353,-1,1360,588,69,184,1,-1,-1,-1
354,-1,101,677,70,174,1,-1,-1,-1
355,-1,91,674,76,183,1,-1,-1,-1
355,-1,1355,589,72,180,1,-1,-1,-1
355,-1,1550,557,38,68,1,-1,-1,-1
356,-1,89,676,77,179,1,-1,-1,-1
356,-1,1549,549,41,75,1,-1,-1,-1
357,-1,84,675,66,179,1,-1,-1,-1
357,-1,62,690,60,166,1,-1,-1,-1
357,-1,1542,550,45,77,1,-1,-1,-1
357,-1,1483,550,47,70,1,-1,-1,-1
358,-1,83,673,71,183,1,-1,-1,-1
358,-1,54,687,63,173,1,-1,-1,-1
359,-1,46,692,66,172,1,-1,-1,-1
359,-1,81,681,58,176,1,-1,-1,-1
360,-1,38,690,71,169,1,-1,-1,-1
360,-1,78,684,61,164,1,-1,-1,-1
361,-1,33,693,77,162,1,-1,-1,-1
362,-1,27,694,79,165,1,-1,-1,-1
362,-1,1346,607,75,200,1,-1,-1,-1
363,-1,17,697,76,176,1,-1,-1,-1
363,-1,1350,611,69,196,1,-1,-1,-1
364,-1,9,696,72,186,1,-1,-1,-1
364,-1,1349,617,66,199,1,-1,-1,-1
365,-1,9,702,73,183,1,-1,-1,-1
365,-1,1672,604,54,113,1,-1,-1,-1
365,-1,1544,576,44,62,1,-1,-1,-1
366,-1,8,700,72,194,1,-1,-1,-1
366,-1,1351,619,65,203,1,-1,-1,-1
366,-1,1672,600,59,144,1,-1,-1,-1
366,-1,1549,570,46,73,1,-1,-1,-1
367,-1,1345,626,67,212,1,-1,-1,-1
367,-1,8,699,69,195,1,-1,-1,-1
367,-1,1559,578,38,65,1,-1,-1,-1
368,-1,7,701,68,193,1,-1,-1,-1
368,-1,1667,639,48,132,1,-1,-1,-1
368,-1,1467,566,42,59,1,-1,-1,-1
368,-1,1550,579,40,59,1,-1,-1,-1
368,-1,1347,630,70,194,1,-1,-1,-1
369,-1,1342,627,72,204,1,-1,-1,-1
369,-1,1547,574,45,66,1,-1,-1,-1
369,-1,5,700,66,191,1,-1,-1,-1
370,-1,1343,631,70,212,1,-1,-1,-1
370,-1,1658,637,61,144,1,-1,-1,-1
370,-1,1385,559,35,60,1,-1,-1,-1
370,-1,4,706,62,165,1,-1,-1,-1
371,-1,1337,635,67,207,1,-1,-1,-1
371,-1,1392,560,34,61,1,-1,-1,-1
372,-1,1325,635,71,211,1,-1,-1,-1
372,-1,1391,556,37,64,1,-1,-1,-1
372,-1,1563,689,83,208,1,-1,-1,-1
372,-1,1465,566,35,63,1,-1,-1,-1
373,-1,1328,637,63,191,1,-1,-1,-1
373,-1,1570,684,75,203,1,-1,-1,-1
373,-1,1392,557,37,58,1,-1,-1,-1
374,-1,1330,634,62,193,1,-1,-1,-1
374,-1,1451,724,84,245,1,-1,-1,-1
374,-1,1391,554,38,61,1,-1,-1,-1
374,-1,1571,688,72,191,1,-1,-1,-1
375,-1,1336,639,60,179,1,-1,-1,-1
375,-1,1450,725,88,240,1,-1,-1,-1
375,-1,1565,689,74,184,1,-1,-1,-1
376,-1,1450,732,88,235,1,-1,-1,-1
376,-1,1341,638,60,180,1,-1,-1,-1
377,-1,1450,560,39,72,1,-1,-1,-1
377,-1,1558,569,40,69,1,-1,-1,-1
377,-1,1340,635,58,165,1,-1,-1,-1
377,-1,1448,742,90,213,1,-1,-1,-1
378,-1,1339,639,56,158,1,-1,-1,-1
378,-1,1561,687,75,187,1,-1,-1,-1
378,-1,1732,607,54,125,1,-1,-1,-1
378,-1,1451,562,37,63,1,-1,-1,-1
379,-1,1336,641,54,163,1,-1,-1,-1
379,-1,1559,686,76,190,1,-1,-1,-1
380,-1,1324,641,61,154,1,-1,-1,-1
380,-1,1465,561,35,64,1,-1,-1,-1
381,-1,1321,642,59,155,1,-1,-1,-1
382,-1,1566,570,34,65,1,-1,-1,-1
382,-1,1472,561,36,65,1,-1,-1,-1
382,-1,1748,607,51,120,1,-1,-1,-1
382,-1,1326,651,51,138,1,-1,-1,-1
382,-1,1544,682,78,217,1,-1,-1,-1
383,-1,1477,554,36,73,1,-1,-1,-1
383,-1,1561,568,31,65,1,-1,-1,-1
383,-1,1334,636,49,144,1,-1,-1,-1
383,-1,1396,562,38,72,1,-1,-1,-1
384,-1,1475,556,36,69,1,-1,-1,-1
384,-1,1749,610,51,121,1,-1,-1,-1
384,-1,1565,569,32,66,1,-1,-1,-1
385,-1,1466,555,39,72,1,-1,-1,-1
385,-1,1753,611,47,111,1,-1,-1,-1
385,-1,1563,572,36,65,1,-1,-1,-1
385,-1,1393,561,45,82,1,-1,-1,-1
386,-1,1560,569,38,71,1,-1,-1,-1
386,-1,1462,554,42,77,1,-1,-1,-1
386,-1,1381,550,54,103,1,-1,-1,-1
387,-1,1484,556,37,70,1,-1,-1,-1
387,-1,1252,633,62,217,1,-1,-1,-1
387,-1,1563,565,39,74,1,-1,-1,-1
388,-1,1475,555,44,75,1,-1,-1,-1
388,-1,1251,637,59,211,1,-1,-1,-1
388,-1,1374,546,50,110,1,-1,-1,-1
388,-1,1559,567,38,74,1,-1,-1,-1
388,-1,1751,606,59,124,1,-1,-1,-1
389,-1,1481,556,33,71,1,-1,-1,-1
389,-1,1754,609,49,112,1,-1,-1,-1
389,-1,1557,567,34,73,1,-1,-1,-1
389,-1,1425,724,133,301,1,-1,-1,-1
390,-1,1748,606,58,116,1,-1,-1,-1
390,-1,1482,561,37,64,1,-1,-1,-1
391,-1,1746,606,61,119,1,-1,-1,-1
391,-1,1475,565,45,64,1,-1,-1,-1
391,-1,1368,569,51,87,1,-1,-1,-1
392,-1,1485,566,39,64,1,-1,-1,-1
392,-1,1370,559,47,97,1,-1,-1,-1
392,-1,1745,609,57,104,1,-1,-1,-1
393,-1,1482,569,40,62,1,-1,-1,-1
393,-1,1362,560,50,92,1,-1,-1,-1
393,-1,1755,607,48,99,1,-1,-1,-1
394,-1,1479,569,47,65,1,-1,-1,-1
394,-1,1368,557,51,97,1,-1,-1,-1
395,-1,1482,571,41,60,1,-1,-1,-1
395,-1,1361,559,46,86,1,-1,-1,-1
395,-1,1384,725,128,336,1,-1,-1,-1
396,-1,1477,572,38,59,1,-1,-1,-1
396,-1,1360,556,41,90,1,-1,-1,-1
397,-1,1359,557,39,87,1,-1,-1,-1
397,-1,1473,571,39,61,1,-1,-1,-1
398,-1,1755,603,57,130,1,-1,-1,-1
398,-1,1472,569,43,67,1,-1,-1,-1
398,-1,1364,562,37,79,1,-1,-1,-1
398,-1,1151,659,67,211,1,-1,-1,-1
399,-1,1363,559,35,74,1,-1,-1,-1
399,-1,1465,571,39,62,1,-1,-1,-1
399,-1,1761,604,42,108,1,-1,-1,-1
400,-1,1466,569,37,67,1,-1,-1,-1
400,-1,1360,556,35,78,1,-1,-1,-1
400,-1,1739,603,61,128,1,-1,-1,-1
400,-1,1288,561,34,88,1,-1,-1,-1
401,-1,1319,725,111,327,1,-1,-1,-1
401,-1,1351,562,35,74,1,-1,-1,-1
401,-1,1465,572,41,62,1,-1,-1,-1
401,-1,1743,601,60,131,1,-1,-1,-1
402,-1,1348,553,41,78,1,-1,-1,-1
402,-1,1285,548,46,101,1,-1,-1,-1
402,-1,1455,570,38,67,1,-1,-1,-1
402,-1,1305,724,114,346,1,-1,-1,-1
402,-1,1741,604,57,120,1,-1,-1,-1
403,-1,1382,563,32,63,1,-1,-1,-1
403,-1,1461,571,37,69,1,-1,-1,-1
403,-1,1277,556,41,86,1,-1,-1,-1
403,-1,1738,603,57,111,1,-1,-1,-1
404,-1,1373,560,38,73,1,-1,-1,-1
404,-1,1453,572,40,77,1,-1,-1,-1
404,-1,1268,545,46,104,1,-1,-1,-1
404,-1,1729,602,58,109,1,-1,-1,-1
405,-1,1385,567,38,68,1,-1,-1,-1
405,-1,1262,560,41,93,1,-1,-1,-1
405,-1,1752,608,45,104,1,-1,-1,-1
406,-1,1252,544,41,104,1,-1,-1,-1
406,-1,1384,564,46,71,1,-1,-1,-1
406,-1,1684,601,49,97,1,-1,-1,-1
406,-1,1238,771,143,300,1,-1,-1,-1
406,-1,1752,606,45,115,1,-1,-1,-1
406,-1,1441,573,37,78,1,-1,-1,-1
407,-1,1246,545,44,106,1,-1,-1,-1
407,-1,1193,779,163,298,1,-1,-1,-1
407,-1,1376,569,47,65,1,-1,-1,-1
407,-1,1681,601,48,99,1,-1,-1,-1
408,-1,1251,547,40,99,1,-1,-1,-1
408,-1,1369,568,43,72,1,-1,-1,-1
408,-1,1208,794,138,279,1,-1,-1,-1
409,-1,1247,551,43,91,1,-1,-1,-1
409,-1,1362,571,45,70,1,-1,-1,-1
409,-1,1681,600,51,130,1,-1,-1,-1
410,-1,1357,568,44,78,1,-1,-1,-1
410,-1,1187,534,46,109,1,-1,-1,-1
410,-1,1251,554,41,84,1,-1,-1,-1
410,-1,1676,604,54,115,1,-1,-1,-1
411,-1,1356,570,45,75,1,-1,-1,-1
411,-1,1245,554,41,82,1,-1,-1,-1
411,-1,1176,536,51,122,1,-1,-1,-1
411,-1,1666,602,50,132,1,-1,-1,-1
411,-1,933,662,115,293,1,-1,-1,-1
412,-1,1163,553,41,95,1,-1,-1,-1
412,-1,1356,571,41,74,1,-1,-1,-1
412,-1,1272,562,34,70,1,-1,-1,-1
412,-1,1658,600,49,128,1,-1,-1,-1
412,-1,918,661,109,301,1,-1,-1,-1
413,-1,1658,601,54,137,1,-1,-1,-1
413,-1,1152,555,42,96,1,-1,-1,-1
413,-1,1283,563,39,72,1,-1,-1,-1
413,-1,1356,573,39,79,1,-1,-1,-1
413,-1,894,656,124,312,1,-1,-1,-1
413,-1,1120,762,73,142,1,-1,-1,-1
414,-1,1152,552,40,97,1,-1,-1,-1
414,-1,1667,606,48,115,1,-1,-1,-1
414,-1,1283,563,42,78,1,-1,-1,-1
415,-1,1274,558,52,86,1,-1,-1,-1
415,-1,1153,541,48,109,1,-1,-1,-1
415,-1,1667,607,45,115,1,-1,-1,-1
415,-1,832,652,137,324,1,-1,-1,-1
416,-1,1138,540,52,115,1,-1,-1,-1
416,-1,811,672,138,308,1,-1,-1,-1
416,-1,1269,554,50,89,1,-1,-1,-1
416,-1,1658,606,53,123,1,-1,-1,-1
416,-1,1040,816,71,130,1,-1,-1,-1
417,-1,787,665,137,315,1,-1,-1,-1
417,-1,1260,561,50,83,1,-1,-1,-1
417,-1,1144,546,42,94,1,-1,-1,-1
417,-1,1087,543,40,102,1,-1,-1,-1
417,-1,1638,609,49,124,1,-1,-1,-1
418,-1,1248,553,55,96,1,-1,-1,-1
418,-1,1070,535,45,121,1,-1,-1,-1
418,-1,748,675,147,302,1,-1,-1,-1
418,-1,1140,545,43,96,1,-1,-1,-1
418,-1,1832,586,59,185,1,-1,-1,-1
419,-1,1247,549,52,104,1,-1,-1,-1
419,-1,732,673,123,297,1,-1,-1,-1
419,-1,1161,546,47,95,1,-1,-1,-1
419,-1,1056,540,57,118,1,-1,-1,-1
420,-1,700,677,142,306,1,-1,-1,-1
420,-1,1176,549,45,94,1,-1,-1,-1
420,-1,1248,548,46,111,1,-1,-1,-1
420,-1,1055,542,42,112,1,-1,-1,-1
420,-1,931,788,138,291,1,-1,-1,-1
421,-1,1043,533,52,122,1,-1,-1,-1
421,-1,1172,552,49,94,1,-1,-1,-1
421,-1,678,674,140,319,1,-1,-1,-1
421,-1,1569,597,58,145,1,-1,-1,-1
421,-1,920,759,81,154,1,-1,-1,-1
421,-1,899,778,150,300,1,-1,-1,-1
422,-1,1168,551,53,96,1,-1,-1,-1
422,-1,1036,533,57,123,1,-1,-1,-1
422,-1,637,675,127,314,1,-1,-1,-1
422,-1,1549,613,72,162,1,-1,-1,-1
422,-1,973,542,45,108,1,-1,-1,-1
422,-1,871,750,106,160,1,-1,-1,-1
422,-1,1750,594,56,178,1,-1,-1,-1
423,-1,608,682,134,309,1,-1,-1,-1
423,-1,1039,536,50,113,1,-1,-1,-1
423,-1,1161,551,52,93,1,-1,-1,-1
423,-1,982,534,43,122,1,-1,-1,-1
423,-1,1539,621,68,157,1,-1,-1,-1
423,-1,1727,632,67,151,1,-1,-1,-1
423,-1,1554,597,53,157,1,-1,-1,-1
423,-1,847,762,86,152,1,-1,-1,-1
424,-1,1030,542,52,106,1,-1,-1,-1
424,-1,555,682,160,320,1,-1,-1,-1
424,-1,1150,554,53,88,1,-1,-1,-1
424,-1,976,537,42,115,1,-1,-1,-1
424,-1,802,794,142,282,1,-1,-1,-1
424,-1,1537,602,52,130,1,-1,-1,-1
425,-1,1065,545,49,91,1,-1,-1,-1
425,-1,955,531,50,123,1,-1,-1,-1
425,-1,1149,548,46,98,1,-1,-1,-1
426,-1,940,524,54,132,1,-1,-1,-1
426,-1,1071,543,47,93,1,-1,-1,-1
426,-1,1462,590,68,172,1,-1,-1,-1
426,-1,1138,548,45,111,1,-1,-1,-1
426,-1,506,682,130,328,1,-1,-1,-1
426,-1,721,787,143,292,1,-1,-1,-1
427,-1,451,704,168,334,1,-1,-1,-1
427,-1,944,523,54,128,1,-1,-1,-1
427,-1,1073,552,46,88,1,-1,-1,-1
427,-1,1460,598,63,143,1,-1,-1,-1
427,-1,706,794,133,283,1,-1,-1,-1
428,-1,1055,553,54,96,1,-1,-1,-1
428,-1,935,537,53,111,1,-1,-1,-1
428,-1,426,704,112,331,1,-1,-1,-1
428,-1,1449,597,75,171,1,-1,-1,-1
428,-1,1625,587,78,200,1,-1,-1,-1
428,-1,874,536,50,133,1,-1,-1,-1
429,-1,384,712,132,331,1,-1,-1,-1
429,-1,1051,554,50,106,1,-1,-1,-1
429,-1,953,543,43,101,1,-1,-1,-1
429,-1,1455,594,67,184,1,-1,-1,-1
429,-1,874,531,55,135,1,-1,-1,-1
429,-1,1437,609,80,200,1,-1,-1,-1
429,-1,1625,590,67,198,1,-1,-1,-1
429,-1,1369,599,60,132,1,-1,-1,-1
430,-1,1412,616,85,193,1,-1,-1,-1
430,-1,1564,591,75,194,1,-1,-1,-1
430,-1,861,547,45,107,1,-1,-1,-1
430,-1,970,559,42,90,1,-1,-1,-1
430,-1,1044,556,55,109,1,-1,-1,-1
431,-1,966,554,51,102,1,-1,-1,-1
431,-1,315,712,123,341,1,-1,-1,-1
431,-1,855,533,60,132,1,-1,-1,-1
431,-1,1407,620,71,178,1,-1,-1,-1
431,-1,1552,587,79,206,1,-1,-1,-1
431,-1,1039,549,48,132,1,-1,-1,-1
432,-1,1527,616,75,190,1,-1,-1,-1
432,-1,968,566,49,97,1,-1,-1,-1
432,-1,1349,622,68,187,1,-1,-1,-1
432,-1,262,722,145,343,1,-1,-1,-1
432,-1,866,540,45,111,1,-1,-1,-1
433,-1,1343,625,66,183,1,-1,-1,-1
433,-1,1514,618,78,191,1,-1,-1,-1
433,-1,967,566,44,99,1,-1,-1,-1
433,-1,221,722,111,323,1,-1,-1,-1
433,-1,855,558,40,100,1,-1,-1,-1
434,-1,1344,624,65,179,1,-1,-1,-1
434,-1,953,566,47,100,1,-1,-1,-1
434,-1,1469,623,65,172,1,-1,-1,-1
434,-1,848,561,41,95,1,-1,-1,-1
434,-1,167,722,130,345,1,-1,-1,-1
434,-1,959,584,49,105,1,-1,-1,-1
435,-1,1331,634,69,173,1,-1,-1,-1
435,-1,1453,619,74,196,1,-1,-1,-1
435,-1,951,584,48,107,1,-1,-1,-1
435,-1,868,568,42,88,1,-1,-1,-1
435,-1,952,568,42,89,1,-1,-1,-1
436,-1,1445,625,66,189,1,-1,-1,-1
436,-1,868,565,52,100,1,-1,-1,-1
436,-1,746,543,56,125,1,-1,-1,-1
436,-1,938,574,44,117,1,-1,-1,-1
437,-1,1422,612,76,207,1,-1,-1,-1
437,-1,747,551,50,115,1,-1,-1,-1
437,-1,863,569,50,100,1,-1,-1,-1
437,-1,1248,628,69,181,1,-1,-1,-1
437,-1,1321,628,58,173,1,-1,-1,-1
438,-1,1245,634,72,191,1,-1,-1,-1
438,-1,855,572,55,125,1,-1,-1,-1
438,-1,735,551,49,113,1,-1,-1,-1
438,-1,1413,626,68,191,1,-1,-1,-1
438,-1,1335,627,62,186,1,-1,-1,-1
438,-1,685,554,42,104,1,-1,-1,-1
439,-1,1248,635,73,180,1,-1,-1,-1
439,-1,838,577,63,118,1,-1,-1,-1
439,-1,1349,611,76,208,1,-1,-1,-1
439,-1,665,544,45,121,1,-1,-1,-1
439,-1,740,558,45,102,1,-1,-1,-1
440,-1,1345,624,73,192,1,-1,-1,-1
440,-1,1256,635,52,165,1,-1,-1,-1
440,-1,646,536,63,140,1,-1,-1,-1
440,-1,757,561,52,110,1,-1,-1,-1
440,-1,841,573,56,123,1,-1,-1,-1
440,-1,1162,632,66,153,1,-1,-1,-1
441,-1,640,532,60,144,1,-1,-1,-1
441,-1,1318,611,74,211,1,-1,-1,-1
441,-1,1245,634,55,155,1,-1,-1,-1
441,-1,762,562,50,111,1,-1,-1,-1
441,-1,1146,655,65,129,1,-1,-1,-1
441,-1,844,577,47,114,1,-1,-1,-1
442,-1,638,539,58,133,1,-1,-1,-1
442,-1,1235,615,61,207,1,-1,-1,-1
442,-1,1312,611,68,211,1,-1,-1,-1
442,-1,1136,642,70,159,1,-1,-1,-1
442,-1,742,561,47,109,1,-1,-1,-1
442,-1,752,575,54,124,1,-1,-1,-1
443,-1,1223,619,72,201,1,-1,-1,-1
443,-1,742,571,62,134,1,-1,-1,-1
443,-1,613,538,56,133,1,-1,-1,-1
443,-1,1151,650,67,135,1,-1,-1,-1
443,-1,553,539,55,135,1,-1,-1,-1
443,-1,428,511,53,69,1,-1,-1,-1
444,-1,1155,637,68,156,1,-1,-1,-1
444,-1,740,571,60,132,1,-1,-1,-1
444,-1,542,550,58,126,1,-1,-1,-1
444,-1,1231,620,75,199,1,-1,-1,-1
444,-1,657,552,45,122,1,-1,-1,-1
445,-1,538,529,60,148,1,-1,-1,-1
445,-1,1155,640,59,163,1,-1,-1,-1
445,-1,1046,647,66,131,1,-1,-1,-1
446,-1,1129,631,65,186,1,-1,-1,-1
446,-1,533,526,59,151,1,-1,-1,-1
446,-1,1037,642,62,142,1,-1,-1,-1
446,-1,651,566,57,147,1,-1,-1,-1
447,-1,1110,632,73,194,1,-1,-1,-1
447,-1,1041,641,62,140,1,-1,-1,-1
447,-1,510,523,64,152,1,-1,-1,-1
447,-1,622,564,62,161,1,-1,-1,-1
448,-1,1060,642,62,167,1,-1,-1,-1
448,-1,445,530,58,144,1,-1,-1,-1
448,-1,532,531,57,150,1,-1,-1,-1
448,-1,930,626,114,300,1,-1,-1,-1
449,-1,1055,641,65,180,1,-1,-1,-1
449,-1,444,519,59,152,1,-1,-1,-1
449,-1,939,647,66,138,1,-1,-1,-1
449,-1,367,524,53,139,1,-1,-1,-1
450,-1,1022,629,79,208,1,-1,-1,-1
450,-1,353,527,56,143,1,-1,-1,-1
450,-1,423,523,54,147,1,-1,-1,-1
450,-1,928,653,66,139,1,-1,-1,-1
451,-1,331,526,60,149,1,-1,-1,-1
451,-1,1005,626,79,214,1,-1,-1,-1
451,-1,1792,756,119,324,1,-1,-1,-1
451,-1,947,641,68,183,1,-1,-1,-1
451,-1,404,522,60,153,1,-1,-1,-1
452,-1,953,644,74,191,1,-1,-1,-1
452,-1,330,542,54,128,1,-1,-1,-1
452,-1,816,672,116,283,1,-1,-1,-1
452,-1,1765,770,145,310,1,-1,-1,-1
453,-1,1722,775,187,305,1,-1,-1,-1
453,-1,440,558,68,169,1,-1,-1,-1
453,-1,937,631,86,214,1,-1,-1,-1
453,-1,252,539,61,136,1,-1,-1,-1
453,-1,321,539,55,134,1,-1,-1,-1
454,-1,1715,769,175,311,1,-1,-1,-1
454,-1,436,572,55,142,1,-1,-1,-1
454,-1,919,632,81,218,1,-1,-1,-1
454,-1,744,673,119,294,1,-1,-1,-1
455,-1,1681,773,180,306,1,-1,-1,-1
455,-1,701,678,124,302,1,-1,-1,-1
455,-1,443,576,53,137,1,-1,-1,-1
455,-1,898,639,82,205,1,-1,-1,-1
456,-1,1645,764,186,310,1,-1,-1,-1
456,-1,357,568,59,150,1,-1,-1,-1
456,-1,440,572,53,141,1,-1,-1,-1
456,-1,662,679,138,300,1,-1,-1,-1
456,-1,843,642,88,208,1,-1,-1,-1
456,-1,245,542,54,127,1,-1,-1,-1
457,-1,1612,758,181,322,1,-1,-1,-1
457,-1,330,571,62,151,1,-1,-1,-1
457,-1,612,682,135,317,1,-1,-1,-1
457,-1,434,586,53,129,1,-1,-1,-1
458,-1,1581,754,174,326,1,-1,-1,-1
458,-1,326,566,69,159,1,-1,-1,-1
458,-1,582,681,130,327,1,-1,-1,-1
458,-1,807,645,70,210,1,-1,-1,-1
458,-1,134,549,54,132,1,-1,-1,-1
459,-1,1539,747,195,327,1,-1,-1,-1
459,-1,328,569,62,158,1,-1,-1,-1
459,-1,263,573,57,150,1,-1,-1,-1
459,-1,402,572,58,161,1,-1,-1,-1
459,-1,548,688,134,327,1,-1,-1,-1
460,-1,1507,754,181,326,1,-1,-1,-1
460,-1,239,570,65,169,1,-1,-1,-1
460,-1,491,702,142,329,1,-1,-1,-1
460,-1,330,578,60,145,1,-1,-1,-1
461,-1,1476,763,173,317,1,-1,-1,-1
461,-1,220,578,66,158,1,-1,-1,-1
461,-1,448,722,150,309,1,-1,-1,-1
461,-1,323,578,53,149,1,-1,-1,-1
461,-1,714,680,88,196,1,-1,-1,-1
461,-1,149,597,45,105,1,-1,-1,-1
462,-1,405,727,147,320,1,-1,-1,-1
462,-1,1436,767,194,310,1,-1,-1,-1
462,-1,627,683,84,195,1,-1,-1,-1
462,-1,222,576,57,162,1,-1,-1,-1
462,-1,149,580,59,161,1,-1,-1,-1
463,-1,1403,787,191,293,1,-1,-1,-1
463,-1,365,734,148,328,1,-1,-1,-1
463,-1,134,581,63,171,1,-1,-1,-1
463,-1,225,583,54,153,1,-1,-1,-1
463,-1,627,677,91,208,1,-1,-1,-1
464,-1,109,583,72,166,1,-1,-1,-1
464,-1,1376,804,182,275,1,-1,-1,-1
464,-1,231,584,57,153,1,-1,-1,-1
464,-1,324,741,157,332,1,-1,-1,-1
464,-1,619,683,74,211,1,-1,-1,-1
465,-1,106,579,63,165,1,-1,-1,-1
465,-1,1330,816,201,258,1,-1,-1,-1
465,-1,217,583,65,172,1,-1,-1,-1
465,-1,522,686,90,215,1,-1,-1,-1
465,-1,35,577,71,177,1,-1,-1,-1
465,-1,290,756,142,312,1,-1,-1,-1
466,-1,16,581,72,178,1,-1,-1,-1
466,-1,1302,824,188,256,1,-1,-1,-1
466,-1,224,750,151,317,1,-1,-1,-1
466,-1,96,582,59,160,1,-1,-1,-1
466,-1,495,648,120,276,1,-1,-1,-1
467,-1,156,743,188,332,1,-1,-1,-1
467,-1,13,577,68,171,1,-1,-1,-1
467,-1,1265,831,189,246,1,-1,-1,-1
468,-1,99,749,193,327,1,-1,-1,-1
469,-1,46,757,195,308,1,-1,-1,-1
470,-1,7,764,153,312,1,-1,-1,-1
470,-1,405,695,81,203,1,-1,-1,-1
471,-1,296,665,126,286,1,-1,-1,-1
472,-1,218,665,131,288,1,-1,-1,-1
472,-1,281,673,117,280,1,-1,-1,-1
473,-1,201,667,116,287,1,-1,-1,-1
474,-1,195,679,109,283,1,-1,-1,-1
475,-1,127,683,98,278,1,-1,-1,-1
475,-1,972,849,202,231,1,-1,-1,-1
476,-1,101,696,108,276,1,-1,-1,-1
476,-1,36,681,105,285,1,-1,-1,-1
483,-1,1712,635,165,296,1,-1,-1,-1
484,-1,1670,631,170,295,1,-1,-1,-1
487,-1,1547,627,176,305,1,-1,-1,-1
489,-1,1476,652,152,298,1,-1,-1,-1
490,-1,1434,649,146,304,1,-1,-1,-1
490,-1,240,933,200,147,1,-1,-1,-1
491,-1,1394,664,136,298,1,-1,-1,-1
500,-1,1006,679,160,315,1,-1,-1,-1
501,-1,979,674,162,331,1,-1,-1,-1
502,-1,907,681,139,299,1,-1,-1,-1
506,-1,1770,654,61,144,1,-1,-1,-1
506,-1,1851,649,55,166,1,-1,-1,-1
507,-1,639,685,127,302,1,-1,-1,-1
507,-1,1811,653,68,164,1,-1,-1,-1
507,-1,667,688,142,303,1,-1,-1,-1
508,-1,1757,671,68,161,1,-1,-1,-1
508,-1,613,720,120,301,1,-1,-1,-1
509,-1,547,707,156,328,1,-1,-1,-1
509,-1,1743,667,76,167,1,-1,-1,-1
509,-1,1676,676,63,150,1,-1,-1,-1
510,-1,506,717,133,326,1,-1,-1,-1
510,-1,1644,683,70,149,1,-1,-1,-1
510,-1,1698,670,76,173,1,-1,-1,-1
511,-1,440,721,166,322,1,-1,-1,-1
511,-1,1652,685,71,158,1,-1,-1,-1
512,-1,387,729,146,319,1,-1,-1,-1
512,-1,1627,671,75,188,1,-1,-1,-1
512,-1,1574,683,62,160,1,-1,-1,-1
513,-1,1544,681,76,173,1,-1,-1,-1
513,-1,298,732,185,328,1,-1,-1,-1
513,-1,1597,675,68,184,1,-1,-1,-1
514,-1,1543,682,76,182,1,-1,-1,-1
514,-1,257,743,177,330,1,-1,-1,-1
515,-1,1529,680,73,182,1,-1,-1,-1
515,-1,173,750,204,323,1,-1,-1,-1
515,-1,1465,681,73,170,1,-1,-1,-1
516,-1,1439,688,77,168,1,-1,-1,-1
516,-1,143,764,186,309,1,-1,-1,-1
517,-1,1444,687,74,175,1,-1,-1,-1
517,-1,62,760,206,309,1,-1,-1,-1
518,-1,1438,688,70,179,1,-1,-1,-1
518,-1,1364,689,70,167,1,-1,-1,-1
518,-1,40,765,169,311,1,-1,-1,-1
519,-1,1343,692,76,167,1,-1,-1,-1
519,-1,1394,687,75,172,1,-1,-1,-1
519,-1,7,784,160,293,1,-1,-1,-1
519,-1,1738,726,121,282,1,-1,-1,-1
519,-1,1464,566,38,98,1,-1,-1,-1
520,-1,1337,693,73,174,1,-1,-1,-1
520,-1,1436,565,44,99,1,-1,-1,-1
520,-1,1719,731,120,272,1,-1,-1,-1
521,-1,1340,691,70,176,1,-1,-1,-1
521,-1,1262,694,68,168,1,-1,-1,-1
522,-1,1303,690,71,177,1,-1,-1,-1
522,-1,1237,688,73,178,1,-1,-1,-1
522,-1,1385,564,42,106,1,-1,-1,-1
523,-1,1241,696,74,169,1,-1,-1,-1
523,-1,1368,561,43,99,1,-1,-1,-1
523,-1,1610,726,129,276,1,-1,-1,-1
523,-1,1174,702,55,125,1,-1,-1,-1
524,-1,1247,684,73,192,1,-1,-1,-1
524,-1,1154,690,74,178,1,-1,-1,-1
524,-1,1334,560,47,103,1,-1,-1,-1
525,-1,1136,691,71,184,1,-1,-1,-1
525,-1,1205,689,71,189,1,-1,-1,-1
525,-1,1319,559,51,102,1,-1,-1,-1
526,-1,1127,686,79,199,1,-1,-1,-1
526,-1,1551,735,86,237,1,-1,-1,-1
526,-1,1288,569,42,97,1,-1,-1,-1
526,-1,1191,683,67,193,1,-1,-1,-1
527,-1,1144,690,78,200,1,-1,-1,-1
527,-1,1058,693,70,175,1,-1,-1,-1
527,-1,1261,558,51,113,1,-1,-1,-1
527,-1,1532,729,85,240,1,-1,-1,-1
528,-1,1039,695,70,188,1,-1,-1,-1
528,-1,1110,693,73,209,1,-1,-1,-1
528,-1,1231,566,47,105,1,-1,-1,-1
529,-1,1031,699,73,205,1,-1,-1,-1
529,-1,1086,696,70,207,1,-1,-1,-1
529,-1,1222,561,54,107,1,-1,-1,-1
529,-1,1460,733,83,245,1,-1,-1,-1
530,-1,1047,703,77,206,1,-1,-1,-1
530,-1,955,708,70,177,1,-1,-1,-1
530,-1,1189,563,44,111,1,-1,-1,-1
530,-1,1405,732,122,268,1,-1,-1,-1
531,-1,938,705,71,200,1,-1,-1,-1
531,-1,1172,560,51,111,1,-1,-1,-1
531,-1,1024,701,75,210,1,-1,-1,-1
532,-1,914,710,78,201,1,-1,-1,-1
532,-1,1151,567,43,104,1,-1,-1,-1
532,-1,987,700,79,216,1,-1,-1,-1
533,-1,1128,564,48,109,1,-1,-1,-1
533,-1,942,705,87,216,1,-1,-1,-1
533,-1,1321,740,112,267,1,-1,-1,-1
533,-1,850,705,76,192,1,-1,-1,-1
534,-1,1297,739,120,279,1,-1,-1,-1
534,-1,920,722,84,210,1,-1,-1,-1
534,-1,840,713,72,179,1,-1,-1,-1
534,-1,1130,567,45,96,1,-1,-1,-1
535,-1,1249,736,147,285,1,-1,-1,-1
535,-1,1085,569,46,106,1,-1,-1,-1
535,-1,890,726,79,206,1,-1,-1,-1
535,-1,821,721,78,210,1,-1,-1,-1
536,-1,1070,552,55,134,1,-1,-1,-1
536,-1,1230,736,130,278,1,-1,-1,-1
536,-1,842,718,83,223,1,-1,-1,-1
537,-1,1200,733,143,283,1,-1,-1,-1
537,-1,1055,560,42,117,1,-1,-1,-1
538,-1,1158,735,164,294,1,-1,-1,-1
538,-1,1025,572,44,119,1,-1,-1,-1
539,-1,743,730,80,217,1,-1,-1,-1
539,-1,1026,568,52,141,1,-1,-1,-1
539,-1,998,573,40,122,1,-1,-1,-1
540,-1,1115,742,148,297,1,-1,-1,-1
540,-1,975,566,45,132,1,-1,-1,-1
540,-1,726,737,72,181,1,-1,-1,-1
541,-1,1096,744,143,298,1,-1,-1,-1
541,-1,965,571,41,123,1,-1,-1,-1
541,-1,691,743,74,174,1,-1,-1,-1
542,-1,945,573,42,123,1,-1,-1,-1
542,-1,651,756,75,198,1,-1,-1,-1
542,-1,1050,738,165,314,1,-1,-1,-1
543,-1,924,581,44,110,1,-1,-1,-1
543,-1,522,747,79,214,1,-1,-1,-1
543,-1,622,757,75,211,1,-1,-1,-1
544,-1,505,743,117,279,1,-1,-1,-1
544,-1,928,583,47,122,1,-1,-1,-1
545,-1,877,584,39,111,1,-1,-1,-1
545,-1,502,743,118,278,1,-1,-1,-1
545,-1,974,727,157,335,1,-1,-1,-1
546,-1,860,577,49,118,1,-1,-1,-1
546,-1,467,745,125,296,1,-1,-1,-1
546,-1,428,741,107,284,1,-1,-1,-1
547,-1,848,576,48,120,1,-1,-1,-1
547,-1,409,745,107,295,1,-1,-1,-1
548,-1,825,578,51,124,1,-1,-1,-1
548,-1,329,744,103,296,1,-1,-1,-1
549,-1,822,578,51,120,1,-1,-1,-1
549,-1,308,778,110,285,1,-1,-1,-1
550,-1,308,783,118,289,1,-1,-1,-1
550,-1,778,586,43,108,1,-1,-1,-1
551,-1,763,587,47,116,1,-1,-1,-1
551,-1,282,776,132,296,1,-1,-1,-1
551,-1,199,781,136,280,1,-1,-1,-1
552,-1,203,774,133,297,1,-1,-1,-1
552,-1,754,582,41,113,1,-1,-1,-1
552,-1,116,773,151,296,1,-1,-1,-1
552,-1,236,774,146,306,1,-1,-1,-1
553,-1,89,778,154,300,1,-1,-1,-1
553,-1,174,782,142,297,1,-1,-1,-1
553,-1,739,581,42,114,1,-1,-1,-1
554,-1,723,584,47,125,1,-1,-1,-1
554,-1,103,794,128,277,1,-1,-1,-1
554,-1,139,790,154,290,1,-1,-1,-1
555,-1,682,592,46,111,1,-1,-1,-1
555,-1,21,792,107,288,1,-1,-1,-1
555,-1,94,798,127,273,1,-1,-1,-1
555,-1,721,575,49,133,1,-1,-1,-1
556,-1,667,585,46,114,1,-1,-1,-1
556,-1,22,796,121,279,1,-1,-1,-1
557,-1,655,577,52,127,1,-1,-1,-1
557,-1,693,770,116,304,1,-1,-1,-1
558,-1,644,587,43,108,1,-1,-1,-1
559,-1,627,581,48,116,1,-1,-1,-1
559,-1,613,779,131,286,1,-1,-1,-1
560,-1,615,572,53,139,1,-1,-1,-1
560,-1,589,771,143,302,1,-1,-1,-1
561,-1,586,770,124,310,1,-1,-1,-1
561,-1,567,578,50,120,1,-1,-1,-1
562,-1,572,771,123,305,1,-1,-1,-1
562,-1,558,585,52,115,1,-1,-1,-1
563,-1,545,581,61,133,1,-1,-1,-1
563,-1,531,777,124,299,1,-1,-1,-1
564,-1,536,585,61,126,1,-1,-1,-1
564,-1,506,777,131,303,1,-1,-1,-1
565,-1,521,582,61,131,1,-1,-1,-1
565,-1,490,785,116,292,1,-1,-1,-1
566,-1,510,582,54,140,1,-1,-1,-1
566,-1,455,786,132,294,1,-1,-1,-1
567,-1,423,789,137,290,1,-1,-1,-1
567,-1,492,585,66,143,1,-1,-1,-1
568,-1,455,587,58,127,1,-1,-1,-1
568,-1,387,799,150,281,1,-1,-1,-1
569,-1,434,592,75,135,1,-1,-1,-1
569,-1,375,801,131,279,1,-1,-1,-1
570,-1,436,587,71,131,1,-1,-1,-1
570,-1,342,798,142,282,1,-1,-1,-1
571,-1,415,590,69,134,1,-1,-1,-1
571,-1,321,800,133,276,1,-1,-1,-1
572,-1,270,806,166,273,1,-1,-1,-1
572,-1,401,597,66,130,1,-1,-1,-1
573,-1,254,808,155,264,1,-1,-1,-1
573,-1,384,594,72,143,1,-1,-1,-1
574,-1,356,590,70,143,1,-1,-1,-1
574,-1,236,807,152,268,1,-1,-1,-1
575,-1,342,593,71,137,1,-1,-1,-1
575,-1,202,817,152,257,1,-1,-1,-1
576,-1,330,596,77,141,1,-1,-1,-1
576,-1,167,825,161,247,1,-1,-1,-1
577,-1,317,601,73,140,1,-1,-1,-1
577,-1,138,829,164,248,1,-1,-1,-1
578,-1,296,594,74,151,1,-1,-1,-1
579,-1,80,836,167,239,1,-1,-1,-1
579,-1,278,594,73,148,1,-1,-1,-1
580,-1,254,600,72,144,1,-1,-1,-1
580,-1,40,841,175,237,1,-1,-1,-1
581,-1,241,599,76,144,1,-1,-1,-1
582,-1,230,601,73,145,1,-1,-1,-1
583,-1,220,602,79,146,1,-1,-1,-1
584,-1,204,598,75,153,1,-1,-1,-1
584,-1,1767,619,60,147,1,-1,-1,-1
586,-1,141,631,70,130,1,-1,-1,-1
587,-1,130,615,82,156,1,-1,-1,-1
587,-1,1770,579,59,186,1,-1,-1,-1
588,-1,120,617,88,154,1,-1,-1,-1
588,-1,1768,577,62,184,1,-1,-1,-1
589,-1,114,628,86,142,1,-1,-1,-1
589,-1,1768,575,60,187,1,-1,-1,-1
590,-1,104,626,91,148,1,-1,-1,-1
590,-1,1766,570,63,196,1,-1,-1,-1
591,-1,1766,572,64,188,1,-1,-1,-1
591,-1,95,626,86,147,1,-1,-1,-1
592,-1,1767,568,64,190,1,-1,-1,-1
592,-1,74,629,92,151,1,-1,-1,-1
593,-1,75,628,80,157,1,-1,-1,-1
593,-1,1763,572,69,185,1,-1,-1,-1
594,-1,1762,571,75,185,1,-1,-1,-1
594,-1,41,636,76,145,1,-1,-1,-1
594,-1,62,627,84,154,1,-1,-1,-1
595,-1,36,627,89,162,1,-1,-1,-1
595,-1,1759,572,81,188,1,-1,-1,-1
596,-1,28,632,85,170,1,-1,-1,-1
596,-1,1759,575,82,181,1,-1,-1,-1
597,-1,21,636,91,171,1,-1,-1,-1
597,-1,1762,583,82,177,1,-1,-1,-1
598,-1,1769,592,75,164,1,-1,-1,-1
598,-1,15,642,83,174,1,-1,-1,-1
599,-1,1769,583,74,172,1,-1,-1,-1
599,-1,5,642,81,183,1,-1,-1,-1
600,-1,1771,584,63,167,1,-1,-1,-1
601,-1,1771,578,62,167,1,-1,-1,-1
611,-1,275,532,39,103,1,-1,-1,-1
613,-1,275,530,41,106,1,-1,-1,-1
614,-1,276,530,36,103,1,-1,-1,-1
615,-1,269,534,43,99,1,-1,-1,-1
617,-1,255,534,41,104,1,-1,-1,-1
618,-1,249,537,48,102,1,-1,-1,-1
619,-1,250,543,45,98,1,-1,-1,-1
619,-1,244,481,52,124,1,-1,-1,-1
620,-1,249,541,43,98,1,-1,-1,-1
621,-1,247,548,43,92,1,-1,-1,-1
621,-1,1282,551,30,75,1,-1,-1,-1
622,-1,247,547,43,98,1,-1,-1,-1
623,-1,244,547,45,103,1,-1,-1,-1
624,-1,241,541,45,103,1,-1,-1,-1
624,-1,1288,547,33,80,1,-1,-1,-1
625,-1,244,555,44,95,1,-1,-1,-1
626,-1,246,547,45,100,1,-1,-1,-1
627,-1,249,557,37,93,1,-1,-1,-1
628,-1,247,558,39,94,1,-1,-1,-1
629,-1,248,559,43,95,1,-1,-1,-1
630,-1,243,556,44,97,1,-1,-1,-1
631,-1,243,559,45,97,1,-1,-1,-1
632,-1,247,558,46,96,1,-1,-1,-1
633,-1,245,556,46,102,1,-1,-1,-1
634,-1,1359,549,49,100,1,-1,-1,-1
635,-1,243,542,55,121,1,-1,-1,-1
635,-1,1362,549,44,91,1,-1,-1,-1
636,-1,244,546,55,118,1,-1,-1,-1
637,-1,241,526,59,145,1,-1,-1,-1
638,-1,242,542,54,126,1,-1,-1,-1
639,-1,248,552,52,121,1,-1,-1,-1
640,-1,245,546,53,128,1,-1,-1,-1
641,-1,243,539,50,129,1,-1,-1,-1
659,-1,353,601,42,113,1,-1,-1,-1
660,-1,357,613,39,104,1,-1,-1,-1
662,-1,369,612,38,102,1,-1,-1,-1
668,-1,429,593,76,120,1,-1,-1,-1
669,-1,446,607,57,100,1,-1,-1,-1
670,-1,452,596,58,110,1,-1,-1,-1
671,-1,454,598,70,105,1,-1,-1,-1
689,-1,724,587,58,115,1,-1,-1,-1
690,-1,736,585,61,116,1,-1,-1,-1
691,-1,753,593,61,112,1,-1,-1,-1
691,-1,694,474,23,44,1,-1,-1,-1
692,-1,762,593,55,112,1,-1,-1,-1
693,-1,773,596,60,115,1,-1,-1,-1
693,-1,704,474,23,42,1,-1,-1,-1
696,-1,833,590,66,122,1,-1,-1,-1
697,-1,837,597,68,123,1,-1,-1,-1
698,-1,848,598,70,126,1,-1,-1,-1
698,-1,1267,501,30,85,1,-1,-1,-1
699,-1,871,586,62,138,1,-1,-1,-1
700,-1,556,498,34,86,1,-1,-1,-1
700,-1,770,480,20,39,1,-1,-1,-1
701,-1,894,588,69,141,1,-1,-1,-1
702,-1,919,595,63,143,1,-1,-1,-1
702,-1,772,480,19,42,1,-1,-1,-1
702,-1,564,500,35,79,1,-1,-1,-1
703,-1,940,598,60,138,1,-1,-1,-1
703,-1,771,482,21,43,1,-1,-1,-1
704,-1,767,477,24,51,1,-1,-1,-1
704,-1,566,501,39,94,1,-1,-1,-1
705,-1,777,478,21,46,1,-1,-1,-1
707,-1,1022,623,61,145,1,-1,-1,-1
708,-1,1046,632,64,135,1,-1,-1,-1
709,-1,1057,634,64,138,1,-1,-1,-1
710,-1,1069,644,65,140,1,-1,-1,-1
710,-1,780,494,26,58,1,-1,-1,-1
711,-1,1098,623,79,165,1,-1,-1,-1
711,-1,779,500,24,51,1,-1,-1,-1
712,-1,782,506,23,50,1,-1,-1,-1
712,-1,1107,638,72,162,1,-1,-1,-1
713,-1,780,506,23,48,1,-1,-1,-1
713,-1,1128,635,77,160,1,-1,-1,-1
714,-1,1139,634,89,170,1,-1,-1,-1
714,-1,788,506,24,55,1,-1,-1,-1
715,-1,1150,635,84,168,1,-1,-1,-1
715,-1,794,512,23,48,1,-1,-1,-1
716,-1,798,502,24,57,1,-1,-1,-1
717,-1,794,511,22,50,1,-1,-1,-1
718,-1,807,504,27,59,1,-1,-1,-1
718,-1,1206,634,101,160,1,-1,-1,-1
719,-1,1235,638,87,162,1,-1,-1,-1
719,-1,808,508,24,55,1,-1,-1,-1
720,-1,1243,640,97,158,1,-1,-1,-1
720,-1,815,502,25,59,1,-1,-1,-1
721,-1,804,504,25,62,1,-1,-1,-1
722,-1,809,509,24,58,1,-1,-1,-1
726,-1,1449,546,32,78,1,-1,-1,-1
729,-1,1460,544,31,87,1,-1,-1,-1
729,-1,855,526,25,41,1,-1,-1,-1
730,-1,1466,548,34,89,1,-1,-1,-1
732,-1,855,526,24,48,1,-1,-1,-1
732,-1,1465,543,35,95,1,-1,-1,-1
733,-1,1472,543,40,96,1,-1,-1,-1
733,-1,854,529,26,41,1,-1,-1,-1
734,-1,858,522,23,50,1,-1,-1,-1
734,-1,1476,544,39,95,1,-1,-1,-1
735,-1,858,523,24,49,1,-1,-1,-1
735,-1,1490,545,38,93,1,-1,-1,-1
736,-1,870,519,22,46,1,-1,-1,-1
736,-1,1487,544,35,90,1,-1,-1,-1
737,-1,862,522,23,47,1,-1,-1,-1
738,-1,862,515,25,51,1,-1,-1,-1
739,-1,867,521,23,48,1,-1,-1,-1
740,-1,865,527,23,47,1,-1,-1,-1
740,-1,582,574,45,127,1,-1,-1,-1
741,-1,866,531,24,42,1,-1,-1,-1
741,-1,611,573,49,118,1,-1,-1,-1
742,-1,872,531,22,47,1,-1,-1,-1
742,-1,611,575,49,116,1,-1,-1,-1
743,-1,610,576,48,116,1,-1,-1,-1
743,-1,869,530,26,49,1,-1,-1,-1
744,-1,604,573,52,124,1,-1,-1,-1
744,-1,865,530,28,47,1,-1,-1,-1
745,-1,610,575,49,122,1,-1,-1,-1
745,-1,866,530,27,51,1,-1,-1,-1
746,-1,868,533,24,52,1,-1,-1,-1
746,-1,611,575,47,118,1,-1,-1,-1
747,-1,598,576,54,122,1,-1,-1,-1
747,-1,873,528,24,57,1,-1,-1,-1
747,-1,573,579,51,133,1,-1,-1,-1
748,-1,604,574,52,123,1,-1,-1,-1
748,-1,874,531,22,49,1,-1,-1,-1
749,-1,604,572,52,125,1,-1,-1,-1
749,-1,869,535,27,45,1,-1,-1,-1
750,-1,604,575,51,121,1,-1,-1,-1
750,-1,872,536,24,46,1,-1,-1,-1
