1,1,559,175.69,124.8,50.59,0.7775
1,2,318.98,124.29,61.69,30.5,0.76767
1,3,152.19,270.18,50.43,52.4,0.46971
1,4,51.022,60.684,32.213,26.879,0.46781
2,1,320.57,124.34,58.32,28.31,0.74669
2,2,551.36,174.7,123.26,47.53,0.73489
2,3,188.63,288.33,30.81,37.81,0.41177
3,1,548.09,172.52,117.38,45.63,0.73002
3,2,309.56,121.82,65.33,31.34,0.73059
3,3,159.04,275,57.97,59.56,0.46355
4,1,311.66,123.04,56.92,29.47,0.72984
4,2,538.83,172.2,114.65,42.95,0.721
4,3,163.05,276.72,55.02,55.26,0.49069
4,4,253.9,109.38,33.73,30.42,0.55489
5,1,530.32,170.27,120.52,48.1,0.76438
5,2,307.81,122.72,57.2,29.69,0.75247
5,3,163.46,278.92,58.67,60.9,0.45548
6,1,519.36,166.18,118.76,44.54,0.70673
6,2,308.51,118.85,52.34,34.73,0.66912
6,3,168.34,280.93,53.58,56.74,0.46091
7,1,515.68,165.68,115.57,42.9,0.7412
7,2,305.04,118.82,52.78,34.42,0.70612
7,3,179.11,286.81,39.64,32.4,0.484
7,4,60.595,61.842,43.625,29.121,0.53217
8,1,515.04,165.34,105.12,40.28,0.72838
8,2,299.86,120.34,54.16,27.97,0.74465
8,3,183.24,291.95,35.18,25.38,0.50119
9,1,498.89,163.87,112.18,43.27,0.73094
9,2,294.29,119.89,57.16,28.25,0.75116
9,3,187.03,291.54,41.6,37.36,0.48202
10,1,493.63,163.1,112.9,44.26,0.76569
10,2,297.12,116.64,52.21,32.11,0.67793
10,3,178.84,292.99,47.89,36.14,0.47815
11,1,490.45,161.31,105.75,40.08,0.74975
11,2,290.61,118.04,55.17,29.98,0.70835
11,3,196.86,306.87,55.58,56.93,0.49526
12,1,485.41,158.76,103.24,40.24,0.72616
12,2,286.12,119,55.57,27.72,0.72478
13,1,469.56,156.87,111.43,43.43,0.73451
13,2,276.89,116.44,61.16,30.71,0.74054
14,1,471.57,156.38,100.55,40.53,0.76895
14,2,289.57,117.63,46.37,25.74,0.71484
14,3,201.89,316.12,60.68,57.03,0.51376
15,1,458.85,153.06,111.92,43.55,0.71289
15,2,278.24,114.94,52.39,31.58,0.71074
15,3,200.19,306.46,69.12,72.08,0.53598
16,1,452.22,153.76,109.21,42.83,0.71174
16,2,277.66,115.09,50.52,31.4,0.68449
17,1,454.1,151.21,95.18,35.72,0.70141
17,2,275.17,112.7,50.01,31.32,0.68533
17,3,64.449,62.481,37.081,25.492,0.51529
17,4,218.25,315.83,42.36,33.88,0.4906
18,1,445.22,150.4,99.31,40.15,0.73739
18,2,273.69,112.93,50.39,31.35,0.66892
18,3,222.94,321.38,39.93,29.72,0.51269
19,1,437.51,149.23,101.46,40.95,0.75052
19,2,268.22,113.33,52,29.37,0.71638
20,1,429.77,147.36,103.69,39.53,0.74235
20,2,265.45,111.75,52.06,32.07,0.69439
20,3,226.97,340.12,56.47,54.08,0.42312
20,4,50.511,58.098,24.375,30.306,0.34624
21,1,425.66,147.28,101.97,39.34,0.7321
21,2,269.86,113.22,45.72,25.59,0.66034
21,3,62.61,63.385,37.556,25.052,0.55274
21,4,238.76,329.28,49.98,37.28,0.53096
22,1,265.1,112.19,44.11,28.43,0.64162
22,2,430.06,147.29,88.61,34.08,0.72598
23,1,414.44,144.27,96.93,41.28,0.73294
23,2,262.28,111.69,45.39,29.21,0.64306
23,3,59.379,64.072,39.152,25.246,0.52033
24,1,417.9,144.48,82.16,33.1,0.71656
24,2,260.89,111.08,44.6,29.59,0.62479
25,1,405.15,141.32,94.94,40.94,0.76333
25,2,253.62,109.71,48.69,30.42,0.66549
25,3,57.938,61.845,40.251,27.176,0.535
25,4,237.28,339.14,66.1,51.85,0.51982
26,1,395.21,141,99.16,39.43,0.7288
26,2,256.57,110.22,41.12,27.66,0.60229
26,3,173.77,19.309,60.9,73.173,0.35255
27,1,400.22,140.53,86.75,39.85,0.74763
27,2,254.45,109.26,40.64,29.05,0.61357
28,1,395.25,138.15,85.48,39.67,0.72748
28,2,253.13,109.06,43.04,25.7,0.64167
29,1,247.42,107.69,45,28.72,0.64578
29,2,388.91,138.12,87.42,39.96,0.72515
29,3,60.03,62.711,38.808,24.296,0.5539
29,4,290.15,376.06,45.69,41.81,0.47637
29,5,272.83,358.78,47.27,41.29,0.5187
30,1,374.5,138.9,96.93,38.62,0.71561
30,2,246.64,108.09,41.5,26.86,0.61897
30,3,59.585,63.075,39.081,24.683,0.52846
30,4,280.48,385.36,51.55,51.16,0.44302
31,1,384.81,136.29,73.78,36.98,0.75844
31,2,244.32,107.64,43.2,27.02,0.62628
32,1,378.48,135.6,78.73,29.94,0.71718
32,2,243.63,106.46,40.23,27.72,0.60031
33,1,366.02,133.94,86.94,39.17,0.73783
33,2,240.65,106.64,42.08,27.3,0.58035
34,1,369.26,135.55,75.33,28.8,0.73721
34,2,312.2,398.85,67.57,54.56,0.56552
34,3,273.67,379.53,61.33,49.1,0.51524
35,1,361.4,134.37,78.12,29.05,0.71631
35,2,63,61.118,32.061,24.725,0.53723
36,1,356.79,131.46,78.9,36.64,0.73232
36,2,54.41,60.738,38.971,25.85,0.54624
37,1,349.9,130.42,76.83,36.36,0.7423
38,1,351.02,130.62,70.62,32.63,0.78028
38,2,60.06,61.597,37.407,24.857,0.50429
38,3,315.76,405.98,49.97,41.87,0.48688
39,1,343.88,129.22,79.88,37.62,0.74569
39,2,60.765,61.454,36.7,24.962,0.53022
39,3,52.329,59.573,31.777,28.596,0.50548
39,4,343.31,427.93,77.71,62.14,0.59219
40,1,351.21,130.34,62.33,28.43,0.73309
40,2,60.166,61.047,37.195,25.205,0.54916
40,3,327.5,418.59,66.13,67.28,0.48024
41,1,334.08,126.88,77.98,36.81,0.73225
41,2,59.617,60.391,36.898,25.41,0.56738
41,3,857.69,236.84,97.11,48.72,0.56259
41,4,642.23,197.82,277.46,120.31,0.37647
41,5,303.5,399.48,66.07,60.73,0.53728
42,1,333,127.28,75.35,36.21,0.72229
42,2,850.33,228.21,105.2,57.12,0.58099
42,3,342.52,424.82,54.94,47.42,0.50137
42,4,381.45,448.39,43.56,37.83,0.55642
43,1,331,126.99,70.7,32.63,0.7171
43,2,838.05,222.49,113.32,59.14,0.67281
43,3,65.42,60.622,31.6,22.56,0.51122
43,4,319.37,416.48,112.84,107.79,0.57821
44,1,327.75,126.31,68.45,30.46,0.7162
44,2,842.91,223.69,88.28,39.51,0.58856
44,3,56.438,56.739,40.312,35.965,0.59027
44,4,324.79,421.5,119.54,106.1,0.60988
45,1,325.94,125.55,67.71,32.67,0.75311
45,2,724.82,211.23,183.73,83.24,0.64606
45,3,329.47,422.08,123.35,111.42,0.62557
45,4,52.565,57.349,42.825,30.459,0.57218
46,1,327.35,125.32,58.37,27.3,0.71806
46,2,714.09,201.08,178.39,83.94,0.63032
46,3,341.47,434.47,107.66,100.21,0.57952
47,1,319.78,122.73,59.11,30.47,0.73326
47,2,701.01,203.91,210.48,91.01,0.61763
47,3,326.73,432.69,136.35,108.31,0.66539
48,1,315.47,122.18,62.37,28.99,0.72332
48,2,727.95,205.58,116.21,57.41,0.62637
48,3,46.416,58.454,39.004,28.599,0.53831
48,4,358.19,78.41,68.5,38.94,0.57296
49,1,302.95,120.02,71.16,34.46,0.73005
49,2,721.18,198.92,117.05,53.76,0.6761
50,1,305.8,121.24,64.67,31.2,0.74996
50,2,696.35,197.52,131.9,63.89,0.71516
50,3,399.16,465.53,67.99,60.66,0.4904
50,4,57.101,57.842,39.214,28.692,0.51457
51,1,305.66,120.61,58.56,29.72,0.73024
51,2,685.35,193.86,129.73,59.23,0.7596
51,3,405.62,468.51,74.47,64.64,0.50318
51,4,360.93,446.96,88.83,83.41,0.59919
52,1,305.61,120.38,56.35,28.15,0.70074
52,2,686.44,196.98,106.08,41.04,0.75146
52,3,413.28,479.51,83.04,61.49,0.56261
52,4,729.95,195.27,63.56,61.9,0.51973
53,1,297.63,119.89,59.32,29.38,0.75581
53,2,647.72,188.54,126.96,61.95,0.69917
53,3,432.12,480.42,85.09,60.58,0.58772
54,1,648.5,184.1,111.29,47.36,0.7241
54,2,287.6,117.43,68.5,35.9,0.71457
54,3,403.55,483.17,104.03,57.83,0.54492
55,1,285.12,116.45,67.12,33.86,0.72337
55,2,625.2,184.09,120.99,55.61,0.69462
56,1,283.33,117.26,63.42,31.93,0.72518
56,2,620.88,181.47,111.73,51.75,0.69321
57,1,287.99,117.54,56.92,27.08,0.69908
57,2,619.82,178.94,101.2,38.7,0.73746
58,1,282.07,115.91,56.52,29.31,0.73482
58,2,580.71,172.95,121.83,51.62,0.70346
59,1,582.18,171.48,115.39,52.95,0.71109
59,2,272.31,115.1,63.8,32.4,0.72966
60,1,566.52,167.64,115.46,61.36,0.68308
60,2,269.25,113.86,62.98,34.48,0.74073
60,3,879.63,224.12,81.02,39.62,0.53902
61,1,273.8,115.36,57.69,28.14,0.71551
61,2,555.1,166.05,114.81,49.48,0.6965
62,1,269.95,114.73,59.16,28.7,0.71042
62,2,547.62,165.02,112.05,53.8,0.70245
62,3,857.05,218.71,103.95,47.21,0.62079
63,1,268.97,114.88,54.36,29.27,0.72609
63,2,541.59,165.47,104.62,52.73,0.68694
63,3,840.85,209.88,119.92,53.62,0.63842
63,4,865.02,228.44,95.98,64.96,0.39
64,1,844.5,207.55,112.39,53.09,0.64636
64,2,528.2,162.06,108.28,49.89,0.71267
64,3,268.27,113.71,53.77,31.24,0.72587
65,1,838.96,202.61,113.85,59.51,0.69943
65,2,520.95,161.95,105.81,46.88,0.72316
65,3,263.34,113.61,54.35,27.22,0.71607
66,1,833.92,203.6,117.91,66.04,0.70084
66,2,521.92,160.03,91.45,44.06,0.72874
66,3,268.35,113.02,43.22,25.69,0.65324
67,1,508.15,156.41,94.86,48.9,0.67738
67,2,838.16,200.71,98.18,60.62,0.7275
67,3,248.73,110.59,61.86,32.84,0.69184
68,1,780.87,196.24,143.42,61.6,0.80302
68,2,254.58,110.83,56.36,29.96,0.68686
68,3,501.99,154.23,95.02,41.1,0.73131
69,1,772.58,192.6,132.89,61.61,0.78988
69,2,490.84,154.49,88.16,34.17,0.7329
69,3,253.66,110.23,54.1,30.44,0.70229
70,1,763.94,187.97,135.79,67.62,0.86948
70,2,479.73,149.73,94.77,44.22,0.73936
70,3,259.4,110.55,44.45,25.44,0.66172
70,4,50.35,53.687,38.189,30.497,0.49977
71,1,759.31,185.85,125.79,58.25,0.80924
71,2,460.73,143.72,103.87,51.97,0.67578
71,3,248.5,107.81,54.17,28.22,0.68436
71,4,850.58,197.21,51.82,48.04,0.65352
72,1,744.67,184.36,126.81,56.62,0.7229
72,2,466.18,145.1,90.81,41.85,0.7147
72,3,239.88,107.56,59.09,27.95,0.64775
72,4,852.59,199.62,36.17,40.11,0.46611
72,5,47.192,0.87267,123.02,101.13,0.49607
73,1,735.81,181.19,132.43,59.9,0.75777
73,2,459.95,143.42,88.86,43.14,0.70742
73,3,243.2,108.05,54.01,31.13,0.66203
74,1,723.85,177.51,129.25,60.68,0.75679
74,2,450.05,141.28,90.76,44.17,0.69926
74,3,251.04,109.34,42.13,27.07,0.63828
75,1,714.94,178.45,135.13,63.2,0.76888
75,2,450.53,144.15,75.44,30.44,0.71912
75,3,243.13,106.68,52.27,31.47,0.65296
76,1,707.82,179.49,128.6,56.15,0.79184
76,2,428.78,138.52,95.09,41.23,0.66775
76,3,51.459,53.192,40.041,27.204,0.5774
77,1,695.84,175.08,124.66,53.16,0.81264
77,2,430.51,136.71,87.27,42.92,0.68585
78,1,685.6,174.86,119.73,49.91,0.79872
78,2,433.11,136.49,71.5,34.71,0.69602
79,1,677.7,172.72,122.19,54.23,0.81866
79,2,421.43,135.17,78.3,42.13,0.68349
80,1,667.97,170.03,118.57,49.35,0.80355
80,2,407.3,132.3,84.24,41.2,0.70896
80,3,63.213,54.02,27.044,24.007,0.531
81,1,658.32,167.76,115.82,49.32,0.79489
81,2,407.91,132.11,77.43,37.15,0.71272
81,3,63.452,53.931,26.528,24.665,0.53305
82,1,650.54,165.22,117.48,48.42,0.80573
82,2,407.75,128.68,70.63,43.49,0.71017
82,3,67.473,53.112,30.099,25.036,0.49373
83,1,640.08,164.88,118.61,47.45,0.82092
83,2,406.71,131.89,59.82,26.79,0.66488
83,3,62.608,52.069,29.102,24.835,0.5014
84,1,630.68,164.01,115.65,50.46,0.81471
84,2,393.83,127.72,70.63,42.12,0.68444
84,3,63.664,55.901,28.953,22.986,0.50243
85,1,625.62,162.88,112.17,50.57,0.82271
85,2,387.36,125.84,69.52,42.8,0.67998
85,3,61.228,52.967,30.046,25.024,0.5329
86,1,616.7,162.62,111.58,47.26,0.8211
86,2,385.2,125.22,66.79,38.72,0.70268
86,3,62.194,53.788,29.514,24.707,0.54202
87,1,610.26,159.65,109.4,48.64,0.81321
87,2,383.61,127.4,59.27,28.02,0.66868
87,3,65.915,56.019,27.567,23.85,0.49545
88,1,604.5,158.24,110.67,48.73,0.80954
88,2,379.13,125.5,61.79,31.13,0.71583
88,3,65.68,55.731,26.852,24.117,0.41072
89,1,597.13,157.07,107.4,45.64,0.81975
89,2,372.12,121.77,63.46,39.66,0.67563
89,3,63.195,53.415,28.692,24.982,0.47232
90,1,584.88,154.88,110.11,47.9,0.80132
90,2,363.86,120.46,67.43,40.18,0.69331
91,1,578.62,153.48,107.69,46.2,0.81706
91,2,362.45,118.87,62.36,44,0.65198
92,1,567.22,153.62,111.71,43.91,0.80427
92,2,354.81,120.65,64.94,31.2,0.68687
92,3,64.639,49.901,29.05,28.438,0.43508
93,1,562.95,151.97,105.7,45.84,0.81573
93,2,349.5,118.19,64.63,39.48,0.68614
93,3,64.996,52.598,26.482,26.16,0.43942
94,1,557.72,151.16,102.95,45.84,0.80242
94,2,344.58,117.4,64.55,40.1,0.67936
94,3,63.631,53.425,26.845,25.07,0.47824
95,1,547.4,150.46,103.12,42.6,0.81547
95,2,343.05,117.78,60.97,33.87,0.68263
95,3,62.578,54.79,27.196,24.799,0.50169
95,4,645.92,374.75,24.08,47.92,0.47429
96,1,538.38,150.07,102.5,44.14,0.796
96,2,336.38,118.17,61.57,31.84,0.67365
96,3,49.352,0,117.43,105.18,0.521
97,1,535.72,149.09,98.17,42.19,0.82307
97,2,357.26,120.64,35.94,24.08,0.57282
98,1,526.8,148.31,101.83,40.56,0.8205
98,2,320.99,113.81,66.22,45.07,0.67166
98,3,61.342,52.593,27.268,25.89,0.4991
99,1,524.3,147.03,89.96,38.14,0.81083
99,2,333.23,118.13,46.89,25.91,0.634
100,1,510.66,146.1,99.91,39.85,0.83851
100,2,59.091,55.819,27.125,25.536,0.5403
101,1,503.98,144.14,100.39,42.09,0.81921
102,1,504.07,141.98,88.98,41.83,0.80672
102,2,311.77,112.33,56.41,29.55,0.63704
103,1,497.34,140.59,90.08,43.38,0.80875
103,2,317.12,113.3,45.84,27.89,0.62795
104,1,485.65,139.79,97.55,42.58,0.7767
104,2,295.43,112.24,63.7,30.82,0.66624
105,1,485.22,139.45,86.68,41.22,0.81129
105,2,321.3,109.81,34.25,27.11,0.55636
106,1,480.31,139.88,86.08,41.15,0.81168
106,2,317.53,112.16,34.75,24.51,0.56225
107,1,469.92,139.44,92.24,39.49,0.81041
107,2,638.94,370,26.24,49.49,0.51149
108,1,468.15,137.42,83.78,41.01,0.81854
108,2,285.8,109.4,58.65,30.39,0.64771
109,1,466.02,136.41,81.8,38.48,0.80423
110,1,461.68,135.54,82.11,38.64,0.80892
111,1,449.41,134.59,86.98,40.28,0.80146
112,1,449.16,134.4,82.15,37.63,0.81278
113,1,447.66,133.17,81.15,38.3,0.81843
113,2,283.36,108.98,42.92,23.88,0.62791
114,1,439.18,132.32,80.94,38.31,0.81167
114,2,45.029,0,122.18,110.28,0.47458
115,1,437.42,132.67,77.31,36,0.81328
115,2,885.18,230.56,75.82,48.17,0.57748
116,1,429.66,129.06,79.62,38.62,0.82368
116,2,866.97,221.63,94.03,43.82,0.5286
117,1,428.55,128.96,76.92,36.53,0.83026
117,2,861.25,222.29,99.75,63.25,0.48151
117,3,48.412,50.121,29.421,25.712,0.53844
118,1,417.59,126.96,81.44,37.32,0.79022
118,2,854.64,223.03,106.36,60.44,0.47458
118,3,643.53,376.15,25.47,44.99,0.46442
119,1,417.53,126.6,76.02,35.94,0.8069
119,2,852.87,214.04,108.13,48.28,0.46783
120,1,415.21,125.81,73.83,36.44,0.81508
120,2,846.65,211.62,106.18,54.36,0.53715
121,1,407.42,124.92,74.32,36.15,0.82751
121,2,841.31,212.55,108.84,53.15,0.60287
122,1,405.9,124.65,70.05,31.81,0.81298
122,2,843.29,217.47,95.89,42.62,0.63481
122,3,893.01,224.48,58.71,48.17,0.51097
123,1,398.45,122.56,72.72,35.82,0.82353
123,2,848.19,218.89,82.78,36.06,0.62353
124,1,392.71,122.35,73.56,33.81,0.83068
124,2,779,202.3,121.14,52.82,0.7203
125,1,387.88,121.31,74.22,34.72,0.82078
125,2,774.39,200.37,121.98,55.31,0.76872
126,1,378.1,118.36,77.97,38.66,0.77341
126,2,767.4,201.68,124.75,53.4,0.74422
127,1,373.68,116.92,76.02,39.23,0.75481
127,2,751.86,195.4,121.26,50.09,0.57257
128,1,373.84,117.62,73.16,36.81,0.78093
128,2,738.44,191.08,127.76,59.4,0.63237
129,1,371.5,119.01,70.43,33.48,0.79404
129,2,738.11,192.42,105.15,47.32,0.57662
130,1,370.81,119.76,65.26,31.87,0.80296
130,2,729.12,187.29,116.97,65.35,0.73179
130,3,59.411,59.364,35.909,28.884,0.5311
131,1,368.01,120.66,67.04,32.72,0.82251
131,2,715.65,190.97,117.14,52.26,0.7765
132,1,710.32,191.85,110.07,53.42,0.78923
132,2,360.56,120.81,68.78,34.44,0.81967
132,3,57.736,60.05,37.33,31.558,0.53203
133,1,353.49,118.55,71.2,35.29,0.81131
133,2,698.22,189.33,111.29,47.53,0.7851
134,1,357.45,118.35,62.29,32.09,0.81431
134,2,689.32,185.47,114.72,52.33,0.8175
134,3,54.454,57.657,39.426,38.374,0.54546
135,1,354.4,119.43,63.38,30.87,0.8079
135,2,680.65,185.52,110.83,49.68,0.78878
135,3,51.328,56.549,41.809,41.455,0.51119
136,1,343.36,117.32,67.62,34.22,0.78758
136,2,672.03,183.57,109.75,49.66,0.78049
136,3,60.861,58.744,36.994,29.298,0.47792
137,1,341.11,116.63,66.1,31.56,0.81846
137,2,659.4,182.3,113.51,48.36,0.74353
138,1,345.57,117,59.3,29.05,0.82133
138,2,648.54,180.06,112.2,50.37,0.74486
139,1,647.81,178.51,104.02,49.64,0.74944
139,2,340.87,117.27,62.55,29.29,0.81167
140,1,324.51,114.65,70.68,32.9,0.77949
140,2,639.46,175.67,104.93,47.12,0.76733
141,1,634.27,175.34,105.13,47.48,0.78685
141,2,335.72,114.81,61,30.16,0.81621
142,1,626.85,173.67,102.54,44.44,0.77332
142,2,330.1,112.89,61.19,31.2,0.80736
143,1,330.13,111.89,60.77,31.58,0.80887
143,2,622.33,171.06,103.14,42.77,0.7798
144,1,318.17,111.96,66.52,30.84,0.77381
144,2,612.76,170.75,99.9,43.09,0.74843
145,1,322.13,111.25,57.2,27.35,0.80339
145,2,598.28,166.58,106.55,46.27,0.75453
146,1,597.7,167.16,99.88,41.82,0.75473
146,2,323.46,111.2,56.16,27.58,0.79603
146,3,62.382,55.244,30.605,30.183,0.43492
147,1,590.91,165.33,96.02,41.49,0.73496
147,2,309,108.33,64.71,31.09,0.75426
148,1,586.46,163.96,94.49,41.31,0.75766
148,2,309.15,107.89,62.35,31.28,0.78271
149,1,580.25,163.28,94.46,41.34,0.76918
149,2,310.39,107.45,58.1,29.01,0.79809
150,1,573.99,162.6,95.85,39.88,0.78131
150,2,316.12,106.84,54.07,29.37,0.79341
151,1,569.14,163.14,93.48,39.4,0.7855
151,2,308.09,108.19,54.63,28.57,0.80377
152,1,561.76,161.8,92.32,39.55,0.77225
152,2,302.36,106.73,59.48,30.62,0.78551
153,1,554.02,159.79,96.25,40.44,0.775
153,2,295.53,106.64,62.42,29.99,0.75695
153,3,177.02,5.6169,60.72,87.43,0.43689
154,1,547.94,157.93,105.31,43.1,0.77918
154,2,297.42,105.36,57.19,29.76,0.76868
155,1,541.67,156.24,95.7,39.91,0.76225
155,2,301.57,107.25,54.74,27.54,0.76897
156,1,537.97,154.9,92.93,40.52,0.76005
156,2,292.43,107.44,61.6,27.62,0.76116
157,1,539.2,156.08,85,37.94,0.76166
157,2,286.79,105.25,63.53,29.09,0.73815
157,3,237.77,491.15,43.82,49.85,0.56411
158,1,525.89,155.52,93.62,39.71,0.76395
158,2,287.06,104.95,56.58,28.28,0.74503
158,3,235.07,484.46,42.27,56.54,0.54725
159,1,526.8,153.72,81.07,35.34,0.74632
159,2,292.43,106.13,55.02,27.06,0.74876
159,3,233.22,485.37,43.67,55.63,0.54482
160,1,517.74,153.98,90.13,36.4,0.78177
160,2,275.52,103.63,62.77,29.99,0.70941
160,3,227.55,480.52,53.25,60.48,0.55676
161,1,515.42,153.41,83.94,34.47,0.77181
161,2,287.8,106.61,49.05,25.35,0.74571
161,3,225.87,473.29,54.89,67.71,0.56206
162,1,500.03,148.49,90.07,39.64,0.75509
162,2,283.66,104.83,51.43,27.06,0.72717
162,3,225.25,473.52,55.41,67.48,0.57872
163,1,502.08,148.95,81.09,37.3,0.74589
163,2,221.62,475.74,50.5,65.26,0.54006
164,1,498.35,150.18,75.46,31.88,0.75452
164,2,217.61,478.19,46.32,62.79,0.51822
165,1,490.12,147.57,77.43,33.92,0.74972
165,2,183.19,468.28,78.84,72.72,0.58944
166,1,483.02,146.49,78.14,36.24,0.75368
167,1,477.81,144.62,78.15,34.22,0.75066
168,1,472.62,145.87,78.22,32.96,0.76017
169,1,474.03,144.6,68.41,31.62,0.74804
170,1,465.61,142.88,72.87,32.13,0.73173
171,1,459.79,140.29,70.96,33.08,0.73724
172,1,452.9,139.53,76.07,32.27,0.7287
173,1,448.58,138.45,74.16,32.88,0.73041
174,1,444.29,138.77,72.83,32.44,0.72309
175,1,442.4,138.38,67.6,31.11,0.71569
176,1,435.07,138.59,71.13,31.92,0.72627
177,1,430.21,136,72.02,32.51,0.7127
177,2,197.82,451.37,44.82,72.04,0.52743
178,1,429.28,137.24,65.38,28.94,0.70701
178,2,192.26,461.58,45.81,55.02,0.51109
179,1,424.12,135.95,66.32,30.1,0.74056
179,2,189.67,453.04,45.1,70.04,0.49869
180,1,420.08,133.98,66.03,31.8,0.73416
180,2,55.94,65.623,27.483,27.375,0.41476
181,1,410.39,134.35,72.38,32.83,0.72088
181,2,186.78,448.34,46.45,77.2,0.48741
182,1,406.75,135.47,70.11,31.24,0.74375
182,2,184.16,448.69,48.37,85.3,0.50781
183,1,408.06,135.58,65.73,28.87,0.74303
183,2,183.84,448.85,47.2,68.86,0.48178
184,1,401.56,134.88,68.79,30.16,0.72768
184,2,178.24,444.78,54.33,96.22,0.50246
185,1,396.69,133.16,68.8,30.35,0.7242
185,2,182.8,447.86,46.07,89.92,0.48011
186,1,394.72,134,67.71,29.35,0.70064
186,2,176.24,447.62,52.55,92.34,0.47335
186,3,179.84,25.003,41.04,28.961,0.31539
187,1,389.63,131.36,66.73,29.36,0.72831
187,2,175.6,442.19,52.87,95.78,0.47691
188,1,381.05,128.13,71.1,32.73,0.70731
188,2,175.72,443.9,51.95,89.82,0.46033
188,3,60.539,57.324,40.348,30.498,0.50055
189,1,380.17,128.62,71.72,30.72,0.71454
189,2,170.41,438.58,53.32,96.8,0.46877
190,1,382.46,129.49,61.89,27.78,0.72492
190,2,842.16,152.86,107.14,62.62,0.65014
190,3,169.96,442.12,53.59,92.76,0.44972
191,1,375.85,127.37,65.74,31.45,0.71727
191,2,170.31,439.69,46.41,77.03,0.46544
191,3,838.99,148.82,109.27,67.98,0.61044
192,1,372.53,127.65,66.92,29.96,0.72188
192,2,166.87,434.04,52.42,100.11,0.47777
193,1,371.69,126.98,59.37,28.27,0.7105
193,2,167.48,440.09,44.7,93.17,0.41725
193,3,636.07,372.36,28.21,45.34,0.53714
194,1,370.86,125.27,59.24,28.96,0.70983
194,2,165.59,431.11,46.45,98.64,0.47086
195,1,359.48,122.62,65.82,30.26,0.71868
196,1,354.15,121.54,71.29,31.26,0.70962
196,2,60.111,61.306,49.109,30.166,0.4299
197,1,354.15,121.81,66.65,29.39,0.71165
197,2,158.78,419.8,56.69,104.4,0.42984
198,1,352.77,122.15,62.78,28.15,0.70013
199,1,348.73,120.43,64.94,28.72,0.69697
200,1,347.49,120.52,60.64,27.19,0.70839
201,1,344.5,120.38,60.14,27.93,0.71523
202,1,342.74,119.94,60.81,28.87,0.70747
203,1,340.08,119.73,57.24,26.61,0.69752
204,1,331.74,118.28,61.88,27.17,0.69311
205,1,327.62,116.72,62.39,28.75,0.6914
205,2,158.21,420.11,43.46,66.57,0.46874
206,1,332.17,117.1,57.09,27.69,0.70896
206,2,158.02,418.08,41.99,72.24,0.49246
207,1,331.83,116.96,53.13,25.79,0.69671
207,2,164.79,441.36,38.07,35.61,0.33389
208,1,323.58,117.27,57.04,27.37,0.69466
208,2,155.54,414.76,43.4,71.79,0.47646
209,1,326.38,114.43,55.12,26.41,0.7159
209,2,156.41,412.88,42.99,69.85,0.46346
210,1,326.54,114.87,51.66,24.6,0.6873
210,2,153.14,408.09,47.53,87.4,0.45492
211,1,323.96,113.88,50.3,25.49,0.67495
211,2,149.81,407.76,46.72,89.66,0.45155
212,1,317.88,111.88,54.22,27.47,0.70562
212,2,149.66,405.29,48.11,94.97,0.474
213,1,316.97,111.3,53.32,27.06,0.71419
213,2,145.7,402.43,53.3,97.38,0.46166
213,3,53.498,54.624,39.602,29.611,0.5096
214,1,316.07,112.88,51.58,24.96,0.68832
214,2,150.59,412.01,44.43,83.95,0.44012
215,1,307.01,110.87,56.82,27.99,0.71926
215,2,151.04,412.37,43.33,84.32,0.42241
216,1,306.47,109.87,57.15,28.48,0.69954
216,2,148.35,404.86,45.19,85.12,0.44332
216,3,57.532,56.404,41.685,33.902,0.498
217,1,309.76,111.65,50.66,25.15,0.68063
217,2,145.97,401.84,51.65,93.31,0.4773
218,1,300.05,110.71,59.8,27.36,0.6806
218,2,142.02,404,50.97,91.19,0.442
219,1,307.43,110.99,45.93,24.17,0.68305
220,1,302.45,109.56,50.48,26.33,0.65389
220,2,137.58,395.61,43.97,60.2,0.49602
221,1,299.21,109.73,49.96,25.31,0.67782
221,2,642.24,371.6,24.68,50.02,0.49362
222,1,294.98,109.98,48.2,23.77,0.66059
222,2,64.193,58.376,33.45,30.708,0.36891
223,1,286.62,108.13,58.13,26.03,0.64796
224,1,292.98,106.79,46.24,25.49,0.68687
224,2,139.63,395.64,42.82,68.47,0.47469
225,1,289.44,108.79,47,25.21,0.67225
226,1,285.92,104.88,48.21,28.19,0.65935
227,1,285.68,108.03,46.24,24.65,0.67069
228,1,274.21,107.89,55.35,26.1,0.64091
228,2,63.079,61.187,27.536,27.58,0.37766
229,1,284.45,107.12,42.35,24.41,0.65867
229,2,61.125,61.174,29.699,26.36,0.41113
234,1,135.88,382.38,39.68,70.13,0.49921
235,1,134.45,382.37,39.89,77.31,0.45612
236,1,131.8,377.47,41.61,91.34,0.4687
237,1,135.15,379.07,40.98,73,0.47964
238,1,133.09,383.88,40.63,85.5,0.48379
239,1,131.85,381.34,42.25,73.17,0.42808
241,1,128.04,376.97,44.66,84.13,0.46111
242,1,127.79,377.87,43.61,69.44,0.44457
243,1,126.43,381.61,42.18,76.15,0.44698
244,1,47.093,54.436,38.844,29.5,0.49751
245,1,120.06,377.78,45.42,84.07,0.42806
251,1,48.941,59.509,30.197,26.806,0.4151
257,1,58.263,62.804,48.737,24.498,0.53822
259,1,59.383,64.126,45.787,23.232,0.55401
260,1,111.28,355.08,40.66,81.26,0.46893
261,1,102,351.34,48.87,102.61,0.46399
261,2,634.83,370.29,27.45,44.63,0.53074
262,1,111.21,353.21,40.49,71.76,0.48867
263,1,110.97,350.87,42.09,81.55,0.47676
264,1,107.95,351.45,44.86,88.69,0.46545
265,1,109.55,355.61,38.47,56.2,0.49713
266,1,57.004,61.551,39.773,25.106,0.5756
266,2,105.77,351.49,43.86,86.49,0.4483
267,1,847.63,222.52,113.19,58.68,0.61415
267,2,104.8,353.87,42.72,81.64,0.4325
268,1,845.4,215.85,112.51,61.77,0.60923
268,2,105.16,351.98,42.76,78.22,0.4576
269,1,842.63,214.48,108.04,52.46,0.65135
269,2,103.96,354.66,44.56,81.59,0.45983
270,1,816.84,205.04,127.3,74.35,0.81376
270,2,104.75,356.54,40.56,75.12,0.42175
270,3,54.243,59.015,39.856,27.974,0.58088
271,1,841.14,212.67,77.09,42.15,0.6305
271,2,104.37,357.92,38,75.05,0.41304
271,3,6.0985,196.64,28.599,39.02,0.42941
271,4,52.68,56.993,27.307,24.757,0.35701
272,1,768.73,204.64,143.23,63.06,0.78344
272,2,5.7874,194.74,26.794,41.09,0.45491
272,3,98.978,353.14,41.472,79.09,0.40161
273,1,758.82,199.2,144.6,61.37,0.79858
274,1,757.92,197.19,122.21,48.94,0.74326
274,2,69.227,60.497,25.313,23.241,0.50872
274,3,853.07,215.11,41.82,30.3,0.57507
274,4,6.1503,201.94,27.185,32.23,0.4065
275,1,740.69,194.33,131.82,52.97,0.75135
275,2,8.0492,198.59,27.232,38.94,0.39534
275,3,58.069,60.122,35.501,23.642,0.53477
276,1,734.3,187.42,123.26,57.37,0.68186
276,2,8.9994,204.8,25.057,30.22,0.41758
277,1,722.24,187.04,122.25,62.29,0.73692
277,2,53.37,56.994,43.532,29.024,0.65836
277,3,98.219,345.47,41.321,78.69,0.44245
278,1,709.85,185.67,130.31,61.88,0.75322
279,1,699.76,184.12,127.14,54.5,0.83676
279,2,102.1,343.62,39.73,50.84,0.50201
280,1,686.34,182.41,125.79,50.36,0.87068
280,2,65.248,60.537,28.123,22.984,0.52241
281,1,679.2,182.44,115.3,46.93,0.87459
282,1,668.78,178.64,115.1,47.84,0.83941
282,2,13.083,206.03,27.481,34.29,0.38048
283,1,657.81,176,111.86,50.55,0.81752
283,2,14.317,209.12,26.197,33.52,0.4042
284,1,646.87,174.38,114.12,46.32,0.84653
284,2,59.047,56.761,31.821,26.214,0.53784
284,3,15.295,208.06,25.624,41.1,0.38008
285,1,636.96,171.01,113.09,44.93,0.85282
286,1,624.96,168.83,114.12,43.85,0.83231
286,2,15.775,207.63,26.368,40.2,0.42531
286,3,56.749,56.199,38.824,24.539,0.5333
287,1,619.03,166.26,103.81,46.05,0.82322
287,2,99.63,332.95,37.35,53.81,0.51463
287,3,54.367,56.059,40.15,23.83,0.53357
288,1,609.25,165.12,106.48,44.5,0.81797
288,2,16.056,212.68,27.244,33.37,0.42938
288,3,100.29,333.23,37.45,50.51,0.50447
289,1,597.48,162.82,114.32,44.54,0.81672
289,2,17.764,211.37,29.587,45.9,0.38377
289,3,99.555,330.08,37.695,52.82,0.49529
290,1,586.4,160.47,106.29,46.01,0.79086
290,2,53.201,55.753,34.95,27.181,0.59949
290,3,96.177,327.38,41.803,54.3,0.52202
290,4,21.533,215.73,27.224,31.65,0.43292
291,1,580.6,159.16,104.34,44.79,0.82093
291,2,19.872,212.94,27.637,39.84,0.44709
292,1,572.82,158.21,104.06,43.23,0.81622
292,2,91.946,323.86,46.454,83.55,0.43015
292,3,57.722,55.594,27.585,23.66,0.55688
292,4,21.435,216.5,28.415,43.98,0.40452
293,1,562.14,157.74,103.64,41.33,0.81318
293,2,23.251,214.61,27.908,40.79,0.41231
293,3,93.005,326.73,40.555,77.71,0.43086
294,1,558.58,155.02,96.73,40.53,0.81521
294,2,58.431,56.093,27.333,23.44,0.55766
294,3,22.333,214.74,29.249,41.93,0.43501
294,4,91.924,323.55,41.246,83.62,0.4524
295,1,550.27,153.29,95.28,40.7,0.81338
295,2,91.391,325.07,41.609,76.77,0.48367
295,3,23.359,214.02,28.195,43.29,0.42471
295,4,57.107,55.503,27.434,24.287,0.52063
296,1,541.8,150.78,95.08,40.43,0.79972
296,2,25.583,217.29,29.259,42.4,0.3903
296,3,93.283,329.82,39.277,75.16,0.43693
297,1,535.31,150.4,95,40.1,0.78105
297,2,83.224,320.38,49.836,91.53,0.45032
297,3,55.436,54.21,28.437,24.319,0.53878
298,1,523.46,149.81,94.22,40.4,0.78878
298,2,28.355,221.21,28.447,41.79,0.40887
298,3,55.565,53.643,29.393,24.733,0.48978
298,4,90.475,329.32,37.275,71.93,0.43257
299,1,512.63,148.35,101.45,41.56,0.79544
299,2,30.497,221.49,29.588,42.51,0.41097
300,1,506.54,147.08,97.21,38.41,0.80101
300,2,53.882,53.576,29.816,27.082,0.53041
301,1,511.17,145.76,82.49,38.71,0.80049
301,2,53.305,53.165,30.423,26.486,0.47945
302,1,496.79,144.18,93.73,37.25,0.81909
302,2,34.334,225.42,29.033,42.78,0.43479
302,3,55.244,55.021,26.813,26.325,0.52757
303,1,498.79,143.23,81.28,37.84,0.79152
303,2,57.864,56.625,27.503,22.492,0.5233
304,1,480.47,142.15,94.78,36.32,0.7747
305,1,474.44,140.92,97,36.87,0.78173
306,1,464.67,139.19,100.83,39.76,0.74463
306,2,86.176,320.82,38.754,49.29,0.49978
307,1,472.56,138.32,78.51,36.54,0.75571
307,2,56.992,55.273,27.532,25.099,0.48451
308,1,468.08,137.96,76.03,35.83,0.77071
309,1,460.51,137.34,74.64,34.84,0.77523
309,2,54.984,56.364,26.873,24.069,0.45219
310,1,455.41,136.26,74.89,35.38,0.77102
310,2,55.885,53.921,29.521,23.756,0.44321
311,1,449.62,136.33,75.5,34.57,0.79636
312,1,442.53,135.38,75.71,33.84,0.77815
313,1,440.57,134.94,71.34,33.94,0.74884
313,2,54.086,235.04,31.738,48.67,0.42829
314,1,432.34,133.97,75.37,34.26,0.7757
314,2,54.948,239.93,29.126,38.55,0.4062
315,1,431.72,133.38,68.8,33.92,0.75657
315,2,57.546,239.9,28.273,38.4,0.37122
315,3,78.47,313.57,39.23,78.91,0.46344
316,1,420.91,131.83,75.22,33.82,0.77457
316,2,60.541,240.63,26.793,40.28,0.41124
317,1,421.2,132.12,69.88,32.01,0.78307
317,2,61.781,240.18,28.75,43.57,0.41469
318,1,415.8,130.74,71.17,32.46,0.77879
318,2,63.709,241.22,29.886,44.63,0.38008
319,1,410.26,129.68,67.29,32.44,0.7664
319,2,68.524,248.79,28.277,37,0.40271
319,3,200.09,301.42,26.86,41.95,0.4773
319,4,80.449,309.17,41.641,52.89,0.50941
320,1,404.87,128.79,66.77,32.03,0.76723
320,2,80.247,312.03,37.533,50.01,0.49143
321,1,399.08,127.81,67.09,31.11,0.76361
321,2,80.47,310.48,38.32,51.52,0.49029
322,1,395.6,126.86,67.18,31.21,0.77721
322,2,80.701,312.35,36.249,70.93,0.45967
323,1,389.55,124.4,66.37,32.34,0.76586
323,2,71.404,247.3,30.986,48.22,0.37147
324,1,386.48,123.62,63.73,30.66,0.76428
324,2,78.629,307.06,39.141,77.3,0.48852
325,1,381.42,123.55,64.87,30.63,0.76503
325,2,74.767,310.06,39.533,67.12,0.43537
326,1,373.61,122.13,69.93,32.36,0.75662
326,2,76.127,304.89,37.173,51.66,0.49835
327,1,373.73,121.76,63.15,30.04,0.76602
328,1,365.15,118.98,69.16,31.64,0.78069
329,1,364.74,118.92,63.9,29.96,0.74917
329,2,82.154,255.64,30.776,44.1,0.47935
329,3,235.86,336.34,27.78,40.56,0.44204
330,1,355.3,116.07,68.92,32.26,0.7743
330,2,80.567,256.34,34.853,54.2,0.40201
331,1,348.78,116.59,72.15,32.17,0.77054
332,1,352.65,117.13,64.16,29.84,0.77227
333,1,348.18,116.86,65.27,30.38,0.76233
334,1,346.08,116.45,64.81,29.99,0.74989
334,2,90.692,267.62,30.528,31.42,0.39343
335,1,343.8,116.21,59.69,29.12,0.76297
335,2,92.633,263.76,32.187,47.16,0.39883
336,1,342.86,115.05,57.85,30.31,0.74657
336,2,94.361,265,33.019,55.88,0.38974
337,1,334.76,115.88,65.99,28.8,0.75134
337,2,94.263,266.94,35.307,55.4,0.38495
338,1,326.27,113.91,66.4,30.43,0.72236
339,1,327.26,114.34,65.87,28.88,0.73381
340,1,332.25,111.94,52.82,28.15,0.7423
341,1,324.03,112.84,59.04,27.15,0.75526
341,2,79.706,278.09,65.184,82.52,0.47013
342,1,321.57,112.61,56.56,26.81,0.70664
342,2,87.195,277.33,59.785,79.77,0.42459
343,1,315.47,110.91,59.53,27.31,0.71559
343,2,305.21,400.1,35.11,54.78,0.44687
344,1,338.95,114.2,29.06,23.14,0.54237
345,1,320.6,110.04,46.15,27.19,0.7038
346,1,318.13,110.4,42.91,25.93,0.67912
346,2,119.48,287.55,28.07,40.22,0.47545
347,1,311.03,108.7,47.86,27.37,0.68699
347,2,121.31,288.32,28.88,37.46,0.49042
348,1,304.17,108.29,56.3,26.36,0.72931
348,2,339.5,432.77,37.81,52.34,0.43466
349,1,303.82,107.36,57.16,27.58,0.69404
349,2,124.95,294.86,29.53,45.86,0.45134
349,3,344.81,437.39,38.95,48.27,0.44579
350,1,304.14,107.3,46.04,25.86,0.68177
351,1,302.8,106.32,44.02,25.63,0.67272
351,2,362.36,450.56,39.36,50.96,0.43204
352,1,297.49,105.93,47.49,26.26,0.6836
352,2,370.02,459.45,42.05,54.77,0.41667
353,1,281.63,105.36,65.49,27.34,0.68738
354,1,135.35,309.04,27.18,31.74,0.46259
355,1,395.68,478.53,56.52,62.47,0.45471
356,1,289.44,105.94,46.24,25.23,0.6863
356,2,136.14,305.58,32.78,45.18,0.42475
357,1,138.61,307.23,30.26,38.99,0.41075
358,1,139.38,311.62,33.18,43.03,0.41011
359,1,146.97,319.53,26.59,32.43,0.41777
360,1,146.69,319.37,31.11,40.72,0.4647
361,1,149.21,321,32.68,39.22,0.47843
362,1,154.11,323.03,31.79,41.82,0.49129
363,1,154.33,317.52,36.6,46.74,0.53345
364,1,157.18,327.75,30.26,40.4,0.46904
366,1,163.7,332.85,33.21,51.48,0.49562
367,1,163.36,334.43,37.64,54.97,0.43097
368,1,166.18,333.91,33.37,48.82,0.43284
369,1,167.06,337.83,39.41,60.96,0.41058
370,1,170.97,341.05,37.5,56.02,0.43136
371,1,173.16,342.61,38.17,62.99,0.40704
372,1,176.74,346.44,33.83,52.34,0.38579
373,1,178.26,345.09,40.9,65.97,0.44151
374,1,181.94,353.67,33.63,52.05,0.39503
375,1,191.01,358.69,27.95,41.82,0.43396
376,1,185.53,359.55,38.39,65.14,0.37448
377,1,187.44,362.72,40.36,63.2,0.41416
378,1,190.42,365.97,34.6,53.29,0.41248
379,1,194.33,372.47,33.41,47.94,0.42934
380,1,194.44,372.56,40.9,58.84,0.42527
381,1,198.18,377.78,33.94,51.32,0.41627
382,1,203.55,386.54,33.39,47.07,0.42676
382,2,640.07,370.2,24.77,49.03,0.47768
383,1,202.34,383.71,37.15,48.83,0.38263
384,1,207.11,395,33.46,47.9,0.44092
385,1,210.43,396.66,34.64,49.23,0.42143
386,1,211.88,396.8,39.9,60.5,0.44458
387,1,219.33,410.51,34.57,47.73,0.41706
388,1,216.34,403.69,43.63,76.54,0.41566
389,1,215.94,404.1,45.98,76.06,0.43817
389,2,176.29,20.562,42.43,29.318,0.32055
390,1,217.71,408.49,48.23,86.69,0.38754
391,1,223.36,417.43,47.01,85.72,0.42916
392,1,226.61,423.36,46.9,86.32,0.43192
393,1,228.47,421.96,47.65,69.97,0.4355
394,1,230.29,427.89,55.77,96.83,0.41045
395,1,232.35,430.96,51.06,63.85,0.42409
396,1,238.49,443.79,57.89,89.97,0.4135
397,1,248.77,442.46,41.25,62.08,0.42943
398,1,249.94,453.17,59.16,84.11,0.47336
399,1,255.71,452.27,48.01,72.66,0.45066
400,1,262.48,458.9,46.25,70.21,0.47961
401,1,270.81,468.83,42.34,63.28,0.41583
402,1,275.5,476.57,44.07,61.12,0.43171
403,1,283.12,482.89,40,55.83,0.4299
404,1,291.97,486.05,38.39,54.95,0.36064
404,2,58.731,49.526,38.848,35.231,0.49133
415,1,51.159,107.34,31.389,36.49,0.50573
416,1,50.703,105.16,29.97,36.21,0.53495
417,1,52.265,108.24,30.352,30.8,0.53572
417,2,70.841,57.865,24.785,21.234,0.48174
418,1,37.36,255.81,41.29,56.03,0.51844
419,1,55.911,110.97,29.553,31.22,0.52938
420,1,54.016,109.93,28.868,31.97,0.56322
422,1,54.435,110.21,31.932,32.74,0.5572
423,1,49.664,100.9,25.979,31.41,0.51009
423,2,56.172,111.28,31.517,39.31,0.55722
424,1,45.645,98.738,32.126,35.382,0.48529
424,2,55.298,111.53,33.561,33.26,0.48325
425,1,54.656,98.462,23.59,32.338,0.52366
426,1,55.868,98.775,30.17,36.855,0.58248
427,1,56.35,103.63,26.631,26.35,0.60026
428,1,56.895,102.15,24.721,30.46,0.52131
429,1,56.39,102.96,27.463,30.16,0.60775
430,1,53.719,106.26,37.017,40.52,0.60787
430,2,64.827,118.02,33.945,34.96,0.50472
431,1,61.021,108.71,29.238,26.71,0.64168
432,1,59.883,104.65,30.228,32.15,0.59615
433,1,63.643,115.78,34.333,34.67,0.54659
433,2,57.027,109.24,33.788,30.41,0.64321
433,3,54.904,58.76,27.024,26.229,0.51449
434,1,61.268,104.37,35.042,34.34,0.63083
434,2,68.586,117.8,32.704,32.42,0.54363
435,1,64.534,108.12,26.032,28.27,0.66757
435,2,53.909,53.372,31.796,30.67,0.47656
436,1,66.83,109.04,25.532,26.25,0.68032
437,1,62.69,102.92,36.794,38.9,0.59305
438,1,63.571,106.01,31.526,32.27,0.64716
438,2,58.678,58.436,25.24,23.684,0.48306
438,3,76.427,119.97,28.633,30.91,0.45859
439,1,63.733,107.94,37.697,38.82,0.6282
440,1,65.495,108.75,33.3,32.44,0.68989
440,2,239.25,118.34,51.07,41.22,0.60697
441,1,67.779,109.48,27.652,29.26,0.67204
441,2,78.166,123.94,27.194,28.72,0.49429
441,3,55.743,55.898,25.861,26.132,0.51937
442,1,68.21,109.23,28.077,30.47,0.68531
443,1,70.572,109.95,28.32,27.98,0.68434
444,1,69.935,110.43,28.568,29.57,0.673
444,2,76.503,120.83,38.957,36.21,0.48195
445,1,72.288,109.85,27.479,30.48,0.67054
446,1,73.255,109.72,27.935,30.98,0.66007
446,2,82.548,121.96,38.702,35.94,0.4303
447,1,75.292,111.77,30.228,31.06,0.6769
447,2,56.914,55.69,27.495,24.937,0.47441
448,1,75.216,112.22,33.054,31.79,0.67429
448,2,83.677,120.94,40.773,38.01,0.50704
448,3,277.28,132.85,32.09,30.04,0.61209
449,1,77.734,113.1,30.596,31.06,0.66196
449,2,54.287,55.855,26.987,26.939,0.45269
449,3,84.337,121.1,31.083,37.98,0.49268
450,1,79.042,113.98,31.268,30.46,0.68386
451,1,79.272,114.17,36.198,30.38,0.72393
451,2,58.266,55.529,24.985,24.929,0.48909
452,1,79.257,113.85,33.313,32.38,0.679
453,1,80.269,114.51,31.431,31.74,0.66193
453,2,300.81,141.15,26.25,29.7,0.52196
453,3,87.506,127.04,39.124,37.88,0.51786
454,1,81.121,114.84,32.269,30.54,0.6954
454,2,55.368,54.272,28.746,23.84,0.48556
454,3,306.49,144.2,24.74,28.8,0.51228
455,1,82.407,115.05,32.893,31.31,0.71083
455,2,312.62,146.9,25.57,28.22,0.5089
455,3,53.658,52.988,25.758,26.589,0.50479
456,1,81.4,115.67,34.35,33.5,0.69105
456,2,89.409,125.84,37.071,37.68,0.44921
456,3,316.25,149.76,27.76,25.74,0.50604
457,1,80.109,116.25,38.321,32.61,0.7052
457,2,53.636,53.751,27.96,23.912,0.44938
457,3,87.167,123.41,38.023,42.1,0.51745
458,1,83.679,115.63,36.411,33.05,0.72811
459,1,82.719,117.61,37.821,32.24,0.72838
459,2,331.57,146.4,53.95,37.02,0.57942
460,1,82.979,117.8,37.561,32.71,0.72696
460,2,338.57,153.04,28.7,31.36,0.5179
461,1,82.263,115.91,39.907,36.4,0.68436
461,2,347.02,156.62,26.35,30.95,0.52729
462,1,354.91,160.52,26.64,27.54,0.57162
463,1,360.65,161.4,30.33,30.61,0.49204
464,1,368.03,165.92,26.34,28.14,0.57348
464,2,51.324,55.917,26.432,21.926,0.42264
465,1,375.73,165.46,28.7,32.36,0.58389
466,1,382.63,167.68,28.9,32.52,0.55399
467,1,389.98,173.2,29.08,30.2,0.54296
468,1,399.17,174.53,28.86,31.13,0.53767
470,1,418.24,179.47,29.3,30.37,0.57637
470,2,48.925,54.166,27.399,23.684,0.46045
471,1,105.32,135,39.78,40.97,0.44015
472,1,113.87,143.17,32.63,32.21,0.48703
473,1,105.07,134.26,48.44,46.14,0.46563
473,2,445.43,184.74,35.99,35.94,0.56396
474,1,454.09,185.47,38.41,38.91,0.54619
475,1,463.76,183.92,65.35,44.62,0.56615
476,1,110.09,135.09,46.39,48.09,0.48425
476,2,477.67,196.15,28.96,32.66,0.5042
477,1,124.25,146.76,30.04,29.35,0.47012
477,2,486.5,188.28,61.03,48.39,0.51941
478,1,116,137.83,46.8,47.82,0.48217
479,1,115.38,137.79,45.97,48.33,0.48327
480,1,127.83,139.43,39.62,47.7,0.4265
480,2,521.55,203.28,46.65,42.32,0.49699
481,1,128.02,146.1,35.16,36.97,0.5038
481,2,552.19,221.2,38.13,26.83,0.41419
482,1,130.48,145.69,34.44,39.22,0.47401
482,2,553.51,216.45,34.77,37.01,0.49042
483,1,574.86,218.94,42.91,35.6,0.5874
483,2,128.82,143.71,36.95,40.88,0.43249
485,1,603.15,222.69,51.96,45.51,0.52717
485,2,138.4,151.79,28.29,30.81,0.47194
486,1,622.15,234.86,53.94,36.69,0.46655
487,1,641.65,246.78,50.74,31.23,0.43164
488,1,664.17,257.73,48.63,28.29,0.38758
489,1,679.93,254.12,55.27,35.37,0.46138
490,1,703.6,268.16,47.67,27.63,0.47229
491,1,709.84,258.43,47.5,42.73,0.44864
491,2,723.63,277.08,50.29,27.18,0.45278
492,1,710,214.45,125.73,104.45,0.38162
492,2,649.74,250.8,113.66,64.85,0.42739
493,1,760.33,274.66,68.25,43.77,0.47401
494,1,789.41,286.84,63.01,39.96,0.48635
494,2,778.4,278.31,49.86,43.15,0.46753
495,1,141.6,138.64,29.11,33.94,0.78379
496,1,141.9,134.91,47.79,46.73,0.74103
496,2,841.08,299.26,68.05,44.21,0.42122
497,1,871.54,313.26,63.84,35.37,0.40403
497,2,140.86,137.87,54.49,44.23,0.75922
498,1,878.72,306.79,78.06,59.26,0.48508
498,2,144.87,138.32,51.8,42.52,0.76041
499,1,131.44,121.57,90.28,126.23,0.42736
500,1,149.73,140.83,50.53,41.32,0.76834
501,1,151.49,140.69,48.73,40.08,0.79052
502,1,177.06,151.18,28.51,28.6,0.67169
503,1,174.55,149.53,30.25,32.35,0.63282
503,2,182.54,158.07,32.79,35.56,0.5049
504,1,176.85,151.62,31.37,30.98,0.64988
505,1,175.84,150.33,34.7,33.35,0.64756
506,1,168.45,143.63,45.47,45.48,0.68216
507,1,173.51,145.97,43.85,43.49,0.72556
508,1,176.53,145.85,33.54,42.83,0.67113
509,1,173.77,144.32,52.76,47.08,0.72827
510,1,176.41,144.05,50.71,48.59,0.72871
511,1,176.94,144.66,53.99,52.55,0.72489
512,1,175.06,147.74,58.33,50.26,0.75737
513,1,179.31,151.94,59.13,47.68,0.78086
514,1,181.87,152.6,59.22,48.72,0.77109
515,1,185.87,155.09,58.4,48.2,0.77528
516,1,187.65,155.5,58.72,49.29,0.78696
517,1,185.82,153.76,65.87,51.85,0.79257
518,1,194.07,159.9,58.27,44.85,0.78886
519,1,196.17,159.61,61.54,47.52,0.80043
520,1,195.47,159.28,64.08,49.47,0.80258
521,1,199.94,161.55,64.06,47.89,0.8007
522,1,202.32,163.79,64.82,47.68,0.7984
523,1,203.1,163.97,69.11,51.37,0.78872
524,1,205.37,164.3,75.05,52.08,0.80551
525,1,210.72,163.58,72.06,56.57,0.79208
526,1,215.09,165.75,64.13,53.51,0.7965
527,1,215.37,168.29,75.98,53.77,0.81139
528,1,219.4,169.18,74,54.01,0.84024
529,1,223.99,171.19,68.71,52.41,0.83826
530,1,227.9,171.87,71.91,55.21,0.82545
531,1,231.62,173.8,69.89,53.9,0.83155
532,1,235.92,176.92,74.23,55.32,0.82296
533,1,237.75,178.47,76.57,55.35,0.83167
534,1,243.89,176.93,75.91,59.4,0.81906
534,2,831.03,146.02,128.57,69.95,0.58246
535,1,245.55,180.24,78.69,56.3,0.83123
536,1,250.48,182.09,78.49,56.43,0.83768
537,1,256.38,184.85,76.66,56.75,0.82201
538,1,262.32,185.69,78.95,56.09,0.81946
539,1,259.49,184.36,89.81,62.3,0.83509
540,1,266.28,186.25,84.89,62.72,0.82753
541,1,271.72,189.64,88.18,60.32,0.8409
542,1,269.16,181.23,109.25,75.89,0.76311
543,1,280.84,190.91,86.46,64.73,0.82618
544,1,296.77,202.21,82.59,54.56,0.74287
544,2,281.56,186.75,68.73,56.03,0.6797
545,1,290.72,196.34,94.39,63.46,0.83284
546,1,296.84,196.77,94.72,65.63,0.81109
547,1,304.55,198.04,90.62,69.26,0.79896
548,1,302.89,199.51,98.79,70.27,0.81909
549,1,307.86,203.79,95.13,68.07,0.81417
550,1,314,204.71,102.96,72.66,0.81453
550,2,19.58,37.286,28.939,39.043,0.56263
551,1,324.34,206.47,102.29,74.34,0.79426
552,1,342.31,215.01,98.6,62.76,0.75029
552,2,320.05,205.36,87.65,58.81,0.68197
553,1,338.27,212.06,102.33,74.16,0.78341
554,1,328.2,208.02,142.11,85.13,0.73811
555,1,339.58,213.88,125.74,79.38,0.78557
556,1,344.97,218.61,129.69,78.19,0.75905
557,1,351.33,214.45,145.52,86.89,0.7573
558,1,370.94,221.26,125.49,83.62,0.76891
559,1,365.63,218.67,142.62,87.75,0.75654
560,1,382.77,226.6,125.42,85.39,0.78886
561,1,381.38,222.63,155.3,91.49,0.73507
562,1,397.26,232.52,138.94,84.16,0.77587
562,2,626.51,368.34,28.16,33.95,0.51939
563,1,404.32,231.08,154.98,90.48,0.75916
564,1,410.1,235.18,141.12,91.4,0.75668
565,1,416.73,236.51,168.45,96.3,0.75967
566,1,426.85,239.16,172.76,98.76,0.76006
567,1,439.14,242.57,169.97,95.87,0.73974
567,2,422.21,202.78,132.46,100.91,0.44745
568,1,437.55,248.03,169.73,99.37,0.75147
568,2,430.17,202.35,128.86,101,0.43535
569,1,453.17,248.1,167.44,99.34,0.73914
570,1,470.6,250.49,164.68,106.98,0.73107
570,2,630.25,363.44,34.12,51.8,0.4927
571,1,476.05,256.2,168.46,103.86,0.74564
572,1,492.43,256.06,165.46,108.44,0.75489
573,1,497.18,258,164.78,108.81,0.70861
573,2,626.22,365.97,37.42,61.78,0.46226
574,1,511.61,267.66,166.08,104.43,0.69498
574,2,626.85,355.85,41.52,82.42,0.40895
574,3,652.12,325.22,39.71,47.98,0.61143
575,1,530.1,264.04,135.86,97.13,0.62265
575,2,658.7,327.45,45.56,59.13,0.59109
576,1,543.29,273.38,150.65,117.78,0.65957
576,2,649.14,321.81,72.12,73.31,0.61674
577,1,638.52,318.26,101.03,92.76,0.62686
577,2,542.28,273.32,163.15,115.99,0.64242
578,1,558.1,278.01,184.68,138.61,0.68109
578,2,607.86,298.77,148.57,167.35,0.46564
579,1,572.78,289.99,87.5,74.18,0.62603
579,2,631.94,318.63,135.86,107.74,0.57862
579,3,618.65,289.31,114.73,111.76,0.57726
580,1,633.9,302.04,154,126.12,0.65723
580,2,588.37,296.89,70.28,70.59,0.64498
581,1,639.1,299.72,169.39,140.02,0.69583
581,2,593.77,295.74,96.4,91.75,0.59361
582,1,634.13,297.44,173.81,150.6,0.69788
582,2,784.83,408.5,50.65,36.44,0.4738
582,3,775.53,410.73,44.49,86.21,0.34032
582,4,608.36,298.87,66.6,82.28,0.59824
582,5,42.654,178.84,41.051,41.12,0.37361
583,1,625.08,295.37,170.32,109.88,0.59581
583,2,821.25,385.48,39.63,61.96,0.5641
583,3,675.18,312.21,146.31,122.7,0.63637
584,1,818.29,389.08,66.02,75.03,0.56452
584,2,646.2,300.85,217.58,153.1,0.65576
584,3,612.11,258.65,211.72,162.51,0.50716
585,1,651.2,294.92,181.13,132.11,0.55851
585,2,795.41,377.45,101.33,105.94,0.55065
586,1,677.44,321.23,131.38,90.91,0.5355
586,2,809.53,389.88,112.11,100.68,0.51189
587,1,701.03,315.39,248.11,184.2,0.76435
587,2,817.81,241.45,143.19,247.05,0.61501
588,1,712.4,330.36,106.92,99.92,0.59727
588,2,808.75,349.38,152.25,132.22,0.65371
589,1,802.85,336.83,153.66,165.34,0.69177
589,2,733.89,339.44,86.99,89.93,0.57571
590,1,810.78,363.78,150.22,117.6,0.66947
590,2,818.29,249.82,142.71,189.85,0.56473
591,1,813.68,350.74,147.32,141.63,0.69219
591,2,819.07,251.44,141.93,188.45,0.58131
592,1,806.06,261.88,154.94,224.75,0.6335
593,1,815.55,359.12,145.45,122.01,0.66253
594,1,842.35,378.38,118.65,108.9,0.72469
595,1,861.93,391.07,99.07,94.73,0.68723
596,1,881.77,398.47,79.23,82.74,0.57971
597,1,914.2,418.07,46.8,71.28,0.65156
605,1,6.4158,200.43,26.338,49.26,0.46863
614,1,7.3316,198.78,22.344,48.15,0.42985
633,1,634.32,371.39,24.53,49.06,0.46498
641,1,52.371,100.18,27.41,26.13,0.67971
642,1,53.588,100.98,27.403,25.01,0.66173
643,1,51.622,100.89,30.388,25.8,0.60652
648,1,57.114,104.39,27.459,23.95,0.59846
649,1,58.971,104.96,28.26,24.17,0.63438
650,1,59.984,106.28,30.518,28.39,0.58308
651,1,60.6,106.93,26.827,24.25,0.63302
652,1,61.113,107.08,28.026,24.49,0.6206
653,1,60.523,106.54,28.27,25.07,0.63485
654,1,60.818,107.45,28.931,24.57,0.62854
655,1,61.204,107.21,29.258,24.41,0.64026
656,1,60.498,106.9,30.969,26.82,0.68281
656,2,828.71,216.41,132.29,127.23,0.56321
657,1,61.8,108.62,29.573,24.56,0.67392
657,2,866.05,216.08,94.95,67.61,0.62018
658,1,62.262,107.67,31.401,27.34,0.65997
658,2,833.15,207.45,125.4,69.11,0.71972
659,1,839.11,212.54,105.8,49.25,0.67124
659,2,61.213,108.3,32.088,25.55,0.68979
660,1,62.538,108.49,32.676,27.71,0.68742
660,2,802.18,203.32,119.39,68.54,0.80176
661,1,63.391,107.28,33.842,29.4,0.67296
661,2,785.28,206.77,117.61,48.96,0.79778
662,1,63.858,109.32,33.235,27.09,0.67901
662,2,763.31,202.16,124.25,55.33,0.8621
663,1,64.872,110.53,33.525,26.46,0.67821
663,2,744.52,198.09,116.97,52.64,0.81232
663,3,832.5,212,43.59,39.64,0.58962
664,1,63.775,110.97,35.003,30.84,0.66664
664,2,741.55,194.01,116.7,59.74,0.75643
665,1,66.703,111.2,33.684,27.08,0.71837
665,2,714.09,188.32,118.96,58.38,0.78859
666,1,698.8,188.44,125.51,53.19,0.79794
666,2,69.252,111.37,33.048,27.9,0.71707
667,1,692.7,189.43,113.85,49.36,0.78682
667,2,67.096,111.77,35.454,30.03,0.69215
668,1,667.83,184.14,121.92,46.91,0.83919
668,2,70.427,113.3,34.353,27.19,0.70447
669,1,658.01,182.84,118.01,46.13,0.85613
669,2,69.001,112.15,37.639,30.88,0.67971
670,1,640.48,178.04,121.8,48.49,0.85422
670,2,75.242,115.08,33.118,28,0.69599
671,1,640.14,176.86,107.43,48.03,0.82472
671,2,68.526,113.72,41.354,31.1,0.69039
672,1,624.47,174.84,109.22,47.17,0.81455
672,2,70.506,113.88,43.404,31.95,0.66543
673,1,614.08,173,106.29,45.23,0.84477
673,2,77.493,116.57,34.647,27.58,0.68358
674,1,604.17,172.11,107.22,43.02,0.8148
674,2,80.834,117.95,33.986,28.61,0.70585
675,1,593.37,168.82,101.74,41.61,0.80751
675,2,78.609,117.96,39.651,29.46,0.69532
676,1,576.81,164.63,105.1,43.05,0.7744
676,2,84.035,117.35,35.415,27.82,0.71998
677,1,569.43,165.05,104.31,40.95,0.79921
677,2,82.896,117.99,38.804,28.83,0.74616
677,3,124.23,282.59,34.27,41.79,0.48271
678,1,560.84,162.26,97.44,40.86,0.79463
678,2,83.927,119.41,38.303,29.61,0.74136
679,1,550.51,161.12,96.66,38.84,0.76863
680,1,542.4,157.93,94.81,39.5,0.79285
681,1,532.72,156,94.41,39.34,0.75782
681,2,132.84,294.99,33.55,35.84,0.48556
682,1,523.93,153.4,92.75,38.7,0.78032
683,1,511.92,153.72,96.65,38.12,0.74515
684,1,501.56,151.98,96,36.75,0.73391
685,1,504.74,148.94,86.63,37.12,0.78017
686,1,489.71,147.73,91.28,35.83,0.76778
687,1,494.7,145.76,81.93,36.15,0.79051
687,2,143.15,298.34,44.68,49.7,0.45675
688,1,477.91,143.09,87.76,38.1,0.77752
689,1,480.47,143.02,75.89,36.34,0.79772
690,1,473.16,141.97,72.21,36.04,0.78006
691,1,467.49,140.09,68.08,35.75,0.75958
692,1,455.53,139.17,75.94,35.38,0.78208
693,1,446.76,138.09,75.73,34.02,0.7721
694,1,448.18,137.04,67.74,33.41,0.77002
695,1,439.27,135.57,72.72,33.01,0.79117
696,1,433.51,134.18,69.39,33.31,0.76821
697,1,431.47,132.23,64.72,33.52,0.74492
697,2,165.93,322.5,43.5,48.18,0.42601
698,1,424.13,130.36,66.25,33.2,0.73323
699,1,417.98,129.46,67.97,33.07,0.73327
699,2,169.5,330.06,48.24,48.38,0.43313
700,1,413.4,128.2,65.09,32.51,0.7231
700,2,172.18,330.5,51.03,51.63,0.42675
701,1,409.04,126.61,64.59,32.54,0.77022
702,1,404,125.66,64.78,31.93,0.76496
703,1,394.91,126.08,63.33,29.11,0.76603
704,1,393.44,124.68,59.55,31.04,0.76566
705,1,383.51,123.15,67.47,30.35,0.7717
705,2,166.98,141.37,25.43,28.75,0.5918
706,1,379.65,121.67,63.62,31.97,0.74931
706,2,144.79,140.54,48.04,34.37,0.7254
707,1,376.42,120.31,62.09,33.04,0.72234
707,2,168.6,145.3,28.75,27.91,0.64795
708,1,372.74,119.58,59.08,30.11,0.7356
708,2,152.75,133.62,49.18,45.44,0.65314
709,1,370.72,117.13,61.17,32.58,0.755
709,2,162.69,144.76,39.58,31.43,0.58317
710,1,365.63,117.94,55.08,30.29,0.71464
710,2,169.31,148.6,35.32,28.37,0.6147
711,1,362.21,116.67,59.88,32.58,0.73538
711,2,171.14,147.78,38.98,29.92,0.66821
712,1,360.65,114.64,56.08,31.62,0.72946
712,2,170.64,141.93,44.05,36.14,0.6839
713,1,351.51,115.18,56.32,30.43,0.68407
713,2,167.93,138.92,48.72,40.74,0.68961
714,1,175.75,149.83,44,31.3,0.68266
714,2,348.05,113.71,61.76,31.42,0.70772
715,1,349.33,113,55.45,30.59,0.71431
715,2,173.11,143.22,45.11,37.59,0.71927
716,1,174.44,145.77,51.12,39.77,0.74514
716,2,336.78,112.13,59.13,29.66,0.69191
717,1,176.17,147.58,51.87,40.26,0.7362
717,2,341.31,112.61,49.03,28.43,0.7144
718,1,176.68,145.45,57.61,43.11,0.76312
718,2,333.64,111.49,59.5,29.69,0.72248
719,1,178.06,148.13,57.04,42.23,0.76238
719,2,329.63,109.59,58.44,30.19,0.7159
720,1,179.5,147.84,62.42,45.42,0.74312
720,2,324.4,109.52,59.98,30.12,0.68413
721,1,188.42,152.82,53.89,41.51,0.74983
721,2,315.69,108.33,61.91,32.58,0.65027
722,1,187.03,153.1,61.6,41.29,0.77564
722,2,314.94,110.12,57.7,28.77,0.66145
723,1,188.99,154.01,63.26,43.51,0.77463
723,2,321.67,109.9,42.56,26.77,0.67618
724,1,194.52,154.06,61.35,44.75,0.76189
724,2,319.03,107.06,42.87,29.16,0.64558
725,1,193.27,156.11,64.11,44.16,0.7805
725,2,316.83,107.14,41.9,26.88,0.65553
726,1,199.71,157.38,64.81,44.7,0.76906
726,2,298.67,107.08,56.06,26.91,0.59339
727,1,206.7,160.46,59.78,39.48,0.78379
727,2,307.46,107.28,41.79,25.04,0.65383
728,1,209.66,159.77,60.56,44.85,0.77627
728,2,301.58,106.66,44.52,27.84,0.60503
729,1,211.4,161.38,64.19,43.85,0.78159
729,2,301.21,105.67,43.88,29.08,0.57484
730,1,215.75,162.1,65.19,44.54,0.78547
731,1,221.25,162.4,62.15,47.58,0.78341
732,1,222.32,164.02,67.75,48.54,0.7815
733,1,227.23,166.08,67.81,48.78,0.78091
734,1,231.56,166.81,66.77,49.53,0.78528
735,1,232.83,168.91,70.89,50.4,0.7834
736,1,236.17,170.29,72.72,50.19,0.78567
736,2,297.86,454.36,53.46,66.67,0.45193
737,1,241.93,171.29,72.42,51.44,0.78098
738,1,246.76,174.72,73.4,50.71,0.79031
738,2,304.66,460.86,59.49,62.62,0.48492
739,1,251.58,176.1,76.32,51.71,0.77845
739,2,309.41,465.35,62,62.67,0.48868
740,1,256.83,178.71,78.53,52.48,0.7652
740,2,317.74,466,62.35,64.48,0.49918
741,1,263.79,180.97,77.94,52.48,0.76826
741,2,321.77,473.29,65.27,62.36,0.53105
742,1,264.88,181.78,79.73,54.92,0.8055
742,2,325,480.08,60.22,59.42,0.61727
743,1,267.99,182.73,84.23,58.91,0.80061
743,2,325.97,481.33,66.94,57.95,0.62268
744,1,272.19,185.31,86.96,57.79,0.79952
744,2,337.88,493.9,61.33,47.1,0.60102
745,1,277,186.95,89.78,59.5,0.79341
745,2,341.24,499.64,63.17,41.36,0.69487
746,1,283.34,189.53,89.88,58.72,0.79949
747,1,290.75,191.73,93.99,61.74,0.79082
748,1,294.88,194.5,96.49,61.64,0.80597
749,1,301.8,195.02,93.24,66.06,0.79878
750,1,302.27,199.28,105.23,65.75,0.79678
751,1,308.01,196.03,114.97,72.69,0.80252
752,1,334.4,212.72,90.97,54.62,0.70156
752,2,316.76,203.94,74.41,50.98,0.7126
753,1,326.9,206.49,106.39,69.85,0.79478
754,1,328.05,210.41,111.54,68.74,0.81406
755,1,351.16,218.61,100.48,63.13,0.74712
756,1,342.29,215.77,117.96,71.82,0.79582
757,1,352.66,220.33,122.29,74.09,0.78104
758,1,359.72,223.01,130.02,75.83,0.7847
759,1,365.94,224.17,133.34,79.41,0.79566
760,1,391.26,237.99,112.6,67.67,0.75909
761,1,386.5,234.16,135.57,78.17,0.77763
762,1,393.26,238.05,146.36,78.9,0.78702
763,1,404.76,237.22,152.43,86.43,0.783
764,1,413.47,242.81,157.67,86.36,0.77491
765,1,424.56,248.18,158.76,88.44,0.79477
766,1,439.12,251.59,163.01,89.65,0.7735
767,1,444.35,255.04,173.51,93.03,0.77167
768,1,453,260.93,175.68,95.1,0.7667
769,1,475.01,264.84,169.23,98.51,0.7811
769,2,534.49,287.47,122.52,123.49,0.34802
770,1,483.16,266.78,174.21,102.86,0.76977
771,1,498.55,271.71,143.29,77.73,0.66175
771,2,536.69,287.81,137.62,89.7,0.63772
772,1,515.92,277,152.76,86.33,0.71586
772,2,646.64,325.28,59.4,58.01,0.48442
773,1,520.28,278.39,195.17,126.66,0.66908
774,1,546.04,283.83,195.97,124.42,0.72633
775,1,571.76,290.82,203,131.37,0.69957
776,1,625.42,315.4,159.43,109.11,0.58544
776,2,587.42,301.3,72.27,69.54,0.56356
776,3,693.88,295.62,119.88,129.06,0.5655
777,1,628.78,304.48,178.16,131.93,0.68151
777,2,592.96,305.11,54.29,59.35,0.55455
778,1,623.92,295.46,226.99,140.07,0.74307
779,1,635.99,298.16,240.95,161.83,0.74167
779,2,603.02,214.54,240.4,194.22,0.49795
780,1,672.63,325.9,225.2,146.19,0.66295
780,2,619.43,251.46,239.78,170.75,0.57955
780,3,813.14,210.66,147.86,238.75,0.51527
781,1,670.17,319.65,265.08,166.52,0.73673
781,2,808.35,213.29,152.65,242.08,0.50152
781,3,630.79,364.79,24.09,37.8,0.54007
782,1,809.18,401.73,141.09,92.52,0.54612
782,2,707.3,348.46,104.73,87.51,0.54091
782,3,811.66,372.69,79.41,83.92,0.43385
783,1,802.94,379.06,148.7,99.8,0.58359
783,2,717.32,336.42,101.77,100.47,0.50739
784,1,804.5,254.93,156.5,209.05,0.60054
784,2,755.24,341.38,205.76,162.39,0.73238
785,1,803.55,336.98,157.45,132.94,0.65515
786,1,778.69,236.71,182.31,260.05,0.63043
787,1,803.08,267.2,157.92,241.7,0.65903
788,1,843.02,385.64,117.98,105.7,0.57033
789,1,875.55,414.55,85.45,58.93,0.46696
824,1,328.45,126.01,75.91,46.01,0.43255
841,1,156.97,17.815,51.81,41.373,0.29357
938,1,58.529,261.19,25.371,41.66,0.54743
942,1,58.146,264.94,26.683,43.67,0.56577
945,1,52.107,267.17,30.181,44.92,0.55887
946,1,55.013,273.77,25.739,37.02,0.51028
950,1,632.02,368.78,23.56,36.06,0.53895
955,1,53.46,275.41,34.123,49.27,0.5306
958,1,51.873,289.83,25.812,37.71,0.48913
962,1,46.679,291.29,24.642,31.04,0.52292
965,1,46.673,298.88,27.275,38.76,0.42606
966,1,42.004,298.8,31.101,38.6,0.46496
968,1,42.084,299.64,26,32.14,0.43385
968,2,45.839,307.17,28.261,45.82,0.51245
969,1,37.033,300.32,36.054,51.28,0.43823
970,1,40.492,297.24,28.424,42.84,0.45718
972,1,36.773,307.55,33.205,47.94,0.48755
973,1,13.416,294.16,51.322,58.09,0.54183
975,1,26.25,310.86,36.105,49.48,0.46583
976,1,3.5291,300.91,49.913,48.4,0.4955
976,2,25.671,312.84,36.31,47.16,0.43991
977,1,21.51,300.72,24.292,30.64,0.46772
977,2,20.654,312.01,39.709,52.82,0.39644
978,1,11.926,305.61,40.403,44.93,0.44678
981,1,7.847,321.5,31.54,36.48,0.4313
982,1,545,311.67,126.79,203.33,0.35702
982,2,0.13696,304.98,49.29,54.45,0.40806
1015,1,623.17,369.81,25.77,49.28,0.49079
1027,1,625.19,369.54,23.26,39.62,0.51473
1029,1,624.08,367.96,25.07,47.81,0.48324
1041,1,621.43,367.73,26.25,46.64,0.49825
1068,1,1.8379,30.501,33.116,49.322,0.59848
